   0.0000000000000000        0.0000000000000000     
   35.355338813447453        35.306340356464503     
   70.710677626894906        70.514680708101039     
   106.06601644034237        105.62502105490958     
   141.42135525378981        140.63736139689016     
   176.77669406723726        175.55170173404275     
   212.13203288068473        210.36804206636739     
   247.48737169413218        245.08638239386403     
   282.84271050757962        279.70672271653268     
   318.19804932102710        314.22906303437338     
   353.55338813447452        348.65340334738613     
   388.90872694792199        382.97974365557087     
   424.26406576136947        417.20808395892760     
   459.61940457481688        451.33842425745644     
   494.97474338826436        485.37076455115721     
   530.33008220171178        519.30510484003003     
   565.68542101515925        553.14144512407495     
   601.04075982860672        586.87978540329186     
   636.39609864205420        620.52012567768077     
   671.75143745550156        654.06246594724166     
   707.10677626894903        687.50680621197455     
   742.46211508239651        720.85314647187954     
   777.81745389584398        754.10148672695664     
   813.17279270929146        787.25182697720561     
   848.52813152273893        820.30416722262669     
   883.88347033618629        853.25850746321976     
   919.23880914963377        886.11484769898482     
   954.59414796308124        918.87318792992198     
   989.94948677652872        951.53352815603114     
   1025.3048255899762        984.09586837731229     
   1060.6601644034236        1016.5602085937654     
   1096.0155032168711        1048.9265488053907     
   1131.3708420303185        1081.1948890121880     
   1166.7261808437659        1113.3652292141571     
   1202.0815196572134        1145.4375694112985     
   1237.4368584706608        1177.4119096036118     
   1272.7921972841084        1209.2882497910971     
   1308.1475360975558        1241.0665899737544     
   1343.5028749110031        1272.7469301515839     
   1378.8582137244507        1304.3292703245852     
   1414.2135525378981        1335.8136104927587     
   1449.5688913513457        1367.1999506561042     
   1484.9242301647930        1398.4882908146217     
   1520.2795689782404        1429.6786309683112     
   1555.6349077916880        1460.7709711171726     
   1590.9902466051353        1491.7653112612061     
   1626.3455854185829        1522.6616514004118     
   1661.7009242320303        1553.4599915347894     
   1697.0562630454779        1584.1603316643391     
   1732.4116018589252        1614.7626717890605     
   1767.7669406723726        1645.2670119089544     
   1803.1222794858202        1675.6733520240200     
   1838.4776182992675        1705.9816921342576     
   1873.8329571127151        1736.1920322396675     
   1909.1882959261625        1766.3043723402493     
   1944.5436347396098        1796.3187124360029     
   1979.8989735530574        1826.2350525269287     
   2015.2543123665048        1856.0533926130265     
   2050.6096511799524        1885.7737326942965     
   2085.9649899933997        1915.3960727707383     
   2121.3203288068471        1944.9204128423523     
   2156.6756676202945        1974.3467529091381     
   2192.0310064337423        2003.6750929710961     
   2227.3863452471896        2032.9054330282261     
   2262.7416840606370        2062.0377730805280     
   2298.0970228740844        2091.0721131280020     
   2333.4523616875317        2120.0084531706480     
   2368.8077005009795        2148.8467932084664     
   2404.1630393144269        2177.5871332414563     
   2439.5183781278743        2206.2294732696182     
   2474.8737169413216        2234.7738132929526     
   2510.2290557547690        2263.2201533114585     
   2545.5843945682168        2291.5684933251368     
   2580.9397333816642        2319.8188333339872     
   2616.2950721951115        2347.9711733380095     
   2651.6504110085589        2376.0255133372038     
   2687.0057498220062        2403.9818533315702     
   2722.3610886354541        2431.8401933211080     
   2757.7164274489014        2459.6005333058183     
   2793.0717662623488        2487.2628732857011     
   2828.4271050757961        2514.8272132607553     
   2863.7824438892435        2542.2935532309816     
   2899.1377827026913        2569.6618931963803     
   2934.4931215161387        2596.9322331569506     
   2969.8484603295860        2624.1045731126928     
   3005.2037991430334        2651.1789130636075     
   3040.5591379564808        2678.1552530096942     
   3075.9144767699286        2705.0335929509524     
   3111.2698155833759        2731.8139328873831     
   3146.6251543968233        2758.4962728189857     
   3181.9804932102707        2785.0806127457604     
   3217.3358320237180        2811.5669526677070     
   3252.6911708371658        2837.9552925848257     
   3288.0465096506132        2864.2456324971163     
   3323.4018484640605        2890.4379724045789     
   3358.7571872775079        2916.5323123072139     
   3394.1125260909557        2942.5286522050205     
   3429.4678649044031        2968.4269920979991     
   3464.8232037178504        2994.2273319861501     
   3500.1785425312978        3019.9296718694732     
   3535.5338813447452        3045.5340117479677     
   3570.8892201581930        3071.0403516216347     
   3606.2445589716403        3096.4486914904737     
   3641.5998977850877        3121.7590313544843     
   3676.9552365985351        3146.9713712136672     
   3712.3105754119824        3172.0857110680226     
   3747.6659142254302        3197.1020509175496     
   3783.0212530388776        3222.0203907622481     
   3818.3765918523250        3246.8407306021195     
   3853.7319306657723        3271.5630704371624     
   3889.0872694792197        3296.1874102673773     
   3924.4426082926675        3320.7137500927647     
   3959.7979471061149        3345.1420899133236     
   3995.1532859195622        3369.4724297290550     
   4030.5086247330096        3393.7047695399583     
   4065.8639635464569        3417.8391093460332     
   4101.2193023599048        3441.8754491472805     
   4136.5746411733517        3465.8137889436998     
   4171.9299799867995        3489.6541287352911     
   4207.2853188002473        3513.3964685220544     
   4242.6406576136942        3537.0408083039897     
   4277.9959964271420        3560.5871480810974     
   4313.3513352405889        3584.0354878533763     
   4348.7066740540367        3607.3858276208280     
   4384.0620128674846        3630.6381673834512     
   4419.4173516809315        3653.7925071412469     
   4454.7726904943793        3676.8488468942141     
   4490.1280293078262        3699.8071866423534     
   4525.4833681212740        3722.6675263856650     
   4560.8387069347218        3745.4298661241487     
   4596.1940457481687        3768.0942058578044     
   4631.5493845616165        3790.6605455866320     
   4666.9047233750634        3813.1288853106316     
   4702.2600621885113        3835.4992250298028     
   4737.6154010019591        3857.7715647441469     
   4772.9707398154060        3879.9459044536625     
   4808.3260786288538        3902.0222441583501     
   4843.6814174423007        3924.0005838582101     
   4879.0367562557485        3945.8809235532417     
   4914.3920950691963        3967.6632632434457     
   4949.7474338826432        3989.3476029288213     
   4985.1027726960911        4010.9339426093693     
   5020.4581115095380        4032.4222822850888     
   5055.8134503229858        4053.8126219559808     
   5091.1687891364336        4075.1049616220448     
   5126.5241279498805        4096.2993012832803     
   5161.8794667633283        4117.3956409396887     
   5197.2348055767752        4138.3939805912687     
   5232.5901443902230        4159.2943202380202     
   5267.9454832036708        4180.0966598799441     
   5303.3008220171178        4200.8009995170405     
   5338.6561608305656        4221.4073391493084     
   5374.0114996440125        4241.9156787767488     
   5409.3668384574603        4262.3260183993607     
   5444.7221772709081        4282.6383580171450     
   5480.0775160843550        4302.8526976301009     
   5515.4328548978028        4322.9690372382292     
   5550.7881937112497        4342.9873768415291     
   5586.1435325246975        4362.9077164400014     
   5621.4988713381454        4382.7300560336462     
   5656.8542101515923        4402.4543956224625     
   5692.2095489650401        4422.0807352064503     
   5727.5648877784870        4441.6090747856106     
   5762.9202265919348        4461.0394143599433     
   5798.2755654053826        4480.3717539294476     
   5833.6309042188295        4499.6060934941243     
   5868.9862430322773        4518.7424330539725     
   5904.3415818457242        4537.7807726089923     
   5939.6969206591721        4556.7211121591854     
   5975.0522594726199        4575.5634517045492     
   6010.4075982860668        4594.3077912450863     
   6045.7629370995146        4612.9541307807949     
   6081.1182759129615        4631.5024703116751     
   6116.4736147264093        4649.9528098377277     
   6151.8289535398571        4668.3051493589528     
   6187.1842923533040        4686.5594888753494     
   6222.5396311667519        4704.7158283869176     
   6257.8949699801988        4722.7741678936582     
   6293.2503087936466        4740.7345073955712     
   6328.6056476070944        4758.5968468926558     
   6363.9609864205413        4776.3611863849128     
   6399.3163252339891        4794.0275258723414     
   6434.6716640474360        4811.5958653549424     
   6470.0270028608838        4829.0662048327149     
   6505.3823416743317        4846.4385443056599     
   6540.7376804877786        4863.7128837737764     
   6576.0930193012264        4880.8892232370654     
   6611.4483581146733        4897.9675626955268     
   6646.8036969281211        4914.9479021491597     
   6682.1590357415689        4931.8302415979642     
   6717.5143745550158        4948.6145810419412     
   6752.8697133684636        4965.3009204810905     
   6788.2250521819115        4981.8892599154115     
   6823.5803909953584        4998.3795993449048     
   6858.9357298088062        5014.7719387695697     
   6894.2910686222531        5031.0662781894071     
   6929.6464074357009        5047.2626176044159     
   6965.0017462491487        5063.3609570145964     
   7000.3570850625956        5079.3612964199501     
   7035.7124238760434        5095.2636358204754     
   7071.0677626894903        5111.0679752161723     
   7106.4231015029382        5126.7743146070416     
   7141.7784403163860        5142.3826539930833     
   7177.1337791298329        5157.8929933742966     
   7212.4891179432807        5173.3053327506814     
   7247.8444567567276        5188.6196721222386     
   7283.1997955701754        5203.8360114889683     
   7318.5551343836232        5218.9543508508696     
   7353.9104731970701        5233.9746902079432     
   7389.2658120105179        5248.8970295601885     
   7424.6211508239649        5263.7213689076061     
   7459.9764896374127        5278.4477082501953     
   7495.3318284508605        5293.0760475879570     
   7530.6871672643074        5307.6063869208901     
   7566.0425060777552        5322.0387262489958     
   7601.3978448912021        5336.3730655722738     
   7636.7531837046499        5350.6094048907235     
   7672.1085225180977        5364.7477442043455     
   7707.4638613315446        5378.7880835131382     
   7742.8192001449925        5392.7304228171042     
   7778.1745389584394        5406.5747621162418     
   7813.5298777718872        5420.3211014105509     
   7848.8852165853350        5433.9694407000334     
   7884.2405553987819        5447.5197799846874     
   7919.5958942122297        5460.9721192645129     
   7954.9512330256766        5474.3264585395109     
   7990.3065718391244        5487.5827978096804     
   8025.6619106525723        5500.7411370750224     
   8061.0172494660192        5513.8014763355368     
   8096.3725882794670        5526.7638155912227     
   8131.7279270929139        5539.6281548420802     
   8167.0832659063617        5552.3944940881102     
   8202.4386047198095        5565.0628333293116     
   8237.7939435332573        5577.6331725656855     
   8273.1492823467033        5590.1055117972319     
   8308.5046211601511        5602.4798510239507     
   8343.8599599735990        5614.7561902458401     
   8379.2152987870468        5626.9345294629020     
   8414.5706376004946        5639.0148686751363     
   8449.9259764139406        5650.9972078825431     
   8485.2813152273884        5662.8815470851205     
   8520.6366540408362        5674.6678862828703     
   8555.9919928542840        5686.3562254757935     
   8591.3473316677319        5697.9465646638882     
   8626.7026704811778        5709.4389038471536     
   8662.0580092946257        5720.8332430255905     
   8697.4133481080735        5732.1295821992026     
   8732.7686869215213        5743.3279213679853     
   8768.1240257349691        5754.4282605319386     
   8803.4793645484151        5765.4305996910643     
   8838.8347033618629        5776.3349388453644     
   8874.1900421753107        5787.1412779948350     
   8909.5453809887586        5797.8496171394763     
   8944.9007198022064        5808.4599562792901     
   8980.2560586156524        5818.9722954142771     
   9015.6113974291002        5829.3866345444367     
   9050.9667362425480        5839.7029736697668     
   9086.3220750559958        5849.9213127902676     
   9121.6774138694436        5860.0416519059436     
   9157.0327526828896        5870.0639910167920     
   9192.3880914963374        5879.9883301228092     
   9227.7434303097853        5889.8146692239989     
   9263.0987691232331        5899.5430083203628     
   9298.4541079366809        5909.1733474118982     
   9333.8094467501269        5918.7056864986043     
   9369.1647855635747        5928.1400255804820     
   9404.5201243770225        5937.4763646575329     
   9439.8754631904703        5946.7147037297564     
   9475.2308020039181        5955.8550427971513     
   9510.5861408173641        5964.8973818597169     
   9545.9414796308120        5973.8417209174568     
   9581.2968184442598        5982.6880599703691     
   9616.6521572577076        5991.4363990184502     
   9652.0074960711554        6000.0867380617046     
   9687.3628348846014        6008.6390771001325     
   9722.7181736980492        6017.0934161337327     
   9758.0735125114970        6025.4497551625027     
   9793.4288513249448        6033.7080941864442     
   9828.7841901383927        6041.8684332055609     
   9864.1395289518387        6049.9307722198482     
   9899.4948677652865        6057.8951112293071     
   9934.8502065787343        6065.7614502339375     
   9970.2055453921821        6073.5297892337412     
   10005.560884205630        6081.2001282287174     
   10040.916223019076        6088.7724672188633     
   10076.271561832524        6096.2468062041817     
   10111.626900645972        6103.6231451846743     
   10146.982239459419        6110.9014841603384     
   10182.337578272867        6118.0818231311732     
   10217.692917086313        6125.1641620971786     
   10253.048255899761        6132.1485010583592     
   10288.403594713209        6139.0348400147113     
   10323.758933526657        6145.8231789662341     
   10359.114272340104        6152.5135179129284     
   10394.469611153550        6159.1058568547969     
   10429.824949966998        6165.6001957918370     
   10465.180288780446        6171.9965347240477     
   10500.535627593894        6178.2948736514309     
   10535.890966407342        6184.4952125739874     
   10571.246305220788        6190.5975514917154     
   10606.601644034236        6196.6018904046141     
   10641.956982847683        6202.5082293126852     
   10677.312321661131        6208.3165682159297     
   10712.667660474579        6214.0269071143466     
   10748.022999288025        6219.6392460079333     
   10783.378338101473        6225.1535848966914     
   10818.733676914921        6230.5699237806239     
   10854.089015728368        6235.8882626597288     
   10889.444354541816        6241.1086015340043     
   10924.799693355262        6246.2309404034504     
   10960.155032168710        6251.2552792680717     
   10995.510370982158        6256.1816181278637     
   11030.865709795606        6261.0099569828271     
   11066.221048609053        6265.7402958329621     
   11101.576387422499        6270.3726346782705     
   11136.931726235947        6274.9069735187513     
   11172.287065049395        6279.3433123544028     
   11207.642403862843        6283.6816511852257     
   11242.997742676291        6287.9219900112230     
   11278.353081489737        6292.0643288323918     
   11313.708420303185        6296.1086676487312     
   11349.063759116632        6300.0550064602421     
   11384.419097930080        6303.9033452669273     
   11419.774436743528        6307.6536840687841     
   11455.129775556974        6311.3060228658114     
   11490.485114370422        6314.8603616580103     
   11525.840453183870        6318.3167004453835     
   11561.195791997317        6321.6750392279291     
   11596.551130810765        6324.9353780056445     
   11631.906469624211        6328.0977167785322     
   11667.261808437659        6331.1620555465934     
   11702.617147251107        6334.1283943098269     
   11737.972486064555        6336.9967330682302     
   11773.327824878003        6339.7670718218051     
   11808.683163691448        6342.4394105705542     
   11844.038502504896        6345.0137493144757     
   11879.393841318344        6347.4900880535670     
   11914.749180131792        6349.8684267878307     
   11950.104518945240        6352.1487655172677     
   11985.459857758686        6354.3311042418773     
   12020.815196572134        6356.4154429616574     
   12056.170535385581        6358.4017816766082     
   12091.525874199029        6360.2901203867341     
   12126.881213012477        6362.0804590920325     
   12162.236551825923        6363.7727977924987     
   12197.591890639371        6365.3671364881393     
   12232.947229452819        6366.8634751789532     
   12268.302568266266        6368.2618138649386     
   12303.657907079714        6369.5621525460947     
   12339.013245893160        6370.7644912224223     
   12374.368584706608        6371.8688298939242     
   12409.723923520056        6372.8751685605976     
   12445.079262333504        6373.7835072224416     
   12480.434601146952        6374.5938458794571     
   12515.789939960398        6375.3061845316479     
   12551.145278773845        6375.9205231790093     
   12586.500617587293        6376.4368618215403     
   12621.855956400741        6376.8552004592457     
   12657.211295214189        6377.1755390921226     
   12692.566634027635        6377.3978777201728     
   12727.921972841083        6377.5222163433937     
   12763.277311654530        6377.5485549617852     
   12798.632650467978        6377.4768935753509     
   12833.987989281426        6377.3072321840891     
   12869.343328094872        6377.0395707879979     
   12904.698666908320        6376.6739093870774     
   12940.054005721768        6376.2102479813311     
   12975.409344535215        6375.6485865707573     
   13010.764683348663        6374.9889251553532     
   13046.120022162109        6374.2312637351215     
   13081.475360975557        6373.3756023100650     
   13116.830699789005        6372.4219408801782     
   13152.186038602453        6371.3702794454630     
   13187.541377415901        6370.2206180059202     
   13222.896716229347        6368.9729565615498     
   13258.252055042794        6367.6272951123519     
   13293.607393856242        6366.1836336583247     
   13328.962732669690        6364.6419721994689     
   13364.318071483138        6363.0023107357874     
   13399.673410296584        6361.2646492672775     
   13435.028749110032        6359.4289877939382     
   13470.384087923479        6357.4953263157704     
   13505.739426736927        6355.4636648327769     
   13541.094765550375        6353.3340033449558     
   13576.450104363823        6351.1063418523045     
   13611.805443177269        6348.7806803548256     
   13647.160781990717        6346.3570188525200     
   13682.516120804165        6343.8353573453860     
   13717.871459617612        6341.2156958334226     
   13753.226798431060        6338.4980343166326     
   13788.582137244506        6335.6823727950150     
   13823.937476057954        6332.7687112685689     
   13859.292814871402        6329.7570497372935     
   13894.648153684850        6326.6473882011906     
   13930.003492498297        6323.4397266602609     
   13965.358831311743        6320.1340651145038     
   14000.714170125191        6316.7304035639172     
   14036.069508938639        6313.2287420085022     
   14071.424847752087        6309.6290804482605     
   14106.780186565535        6305.9314188831922     
   14142.135525378981        6302.1357573132927     
   14177.490864192428        6298.2420957385666     
   14212.846203005876        6294.2504341590120     
   14248.201541819324        6290.1607725746326     
   14283.556880632772        6285.9731109854210     
   14318.912219446218        6281.6874493913820     
   14354.267558259666        6277.3037877925171     
   14389.622897073114        6272.8221261888239     
   14424.978235886561        6268.2424645803012     
   14460.333574700009        6263.5648029669501     
   14495.688913513455        6258.7891413487741     
   14531.044252326903        6253.9154797257688     
   14566.399591140351        6248.9438180979341     
   14601.754929953799        6243.8741564652719     
   14637.110268767246        6238.7064948277821     
   14672.465607580692        6233.4408331854647     
   14707.820946394140        6228.0771715383198     
   14743.176285207588        6222.6155098863455     
   14778.531624021036        6217.0558482295437     
   14813.886962834484        6211.3981865679161     
   14849.242301647930        6205.6425249014574     
   14884.597640461378        6199.7888632301710     
   14919.952979274825        6193.8372015540572     
   14955.308318088273        6187.7875398731176     
   14990.663656901721        6181.6398781873468     
   15026.018995715167        6175.3942164967484     
   15061.374334528615        6169.0505548013243     
   15096.729673342063        6162.6088931010709     
   15132.085012155510        6156.0692313959880     
   15167.440350968958        6149.4315696860795     
   15202.795689782404        6142.6959079713415     
   15238.151028595852        6135.8622462517778     
   15273.506367409300        6128.9305845273848     
   15308.861706222748        6121.9009227981624     
   15344.217045036195        6114.7732610641142     
   15379.572383849641        6107.5475993252367     
   15414.927722663089        6100.2239375815316     
   15450.283061476537        6092.8022758329971     
   15485.638400289985        6085.2826140796369     
   15520.993739103433        6077.6649523214492     
   15556.349077916879        6069.9492905584302     
   15591.704416730327        6062.1356287905855     
   15627.059755543774        6054.2239670179115     
   15662.415094357222        6046.2143052404117     
   15697.770433170670        6038.1066434580825     
   15733.125771984116        6029.9009816709240     
   15768.481110797564        6021.5973198789416     
   15803.836449611012        6013.1956580821279     
   15839.191788424459        6004.6959962804867     
   15874.547127237907        5996.0983344740162     
   15909.902466051353        5987.4026726627217     
   15945.257804864801        5978.6090108465960     
   15980.613143678249        5969.7173490256428     
   16015.968482491697        5960.7276871998620     
   16051.323821305145        5951.6400253692536     
   16086.679160118591        5942.4543635338177     
   16122.034498932038        5933.1707016935525     
   16157.389837745486        5923.7890398484597     
   16192.745176558934        5914.3093779985393     
   16228.100515372382        5904.7317161437913     
   16263.455854185828        5895.0560542842140     
   16298.811192999276        5885.2823924198074     
   16334.166531812723        5875.4107305505768     
   16369.521870626171        5865.4410686765168     
   16404.877209439619        5855.3734067976256     
   16440.232548253065        5845.2077449139106     
   16475.587887066515        5834.9440830253661     
   16510.943225879961        5824.5824211319959     
   16546.298564693407        5814.1227592337946     
   16581.653903506856        5803.5650973307638     
   16617.009242320302        5792.9094354229110     
   16652.364581133752        5782.1557735102251     
   16687.719919947198        5771.3041115927117     
   16723.075258760644        5760.3544496703707     
   16758.430597574094        5749.3067877432022     
   16793.785936387540        5738.1611258112080     
   16829.141275200989        5726.9174638743825     
   16864.496614014435        5715.5758019327295     
   16899.851952827881        5704.1361399862526     
   16935.207291641331        5692.5984780349445     
   16970.562630454777        5680.9628160788070     
   17005.917969268226        5669.2291541178402     
   17041.273308081672        5657.3974921520494     
   17076.628646895118        5645.4678301814311     
   17111.983985708568        5633.4401682059834     
   17147.339324522014        5621.3145062257045     
   17182.694663335464        5609.0908442406035     
   17218.050002148910        5596.7691822506713     
   17253.405340962356        5584.3495202559097     
   17288.760679775805        5571.8318582563206     
   17324.116018589251        5559.2161962519040     
   17359.471357402701        5546.5025342426634     
   17394.826696216147        5533.6908722285898     
   17430.182035029593        5520.7812102096905     
   17465.537373843043        5507.7735481859636     
   17500.892712656489        5494.6678861574092     
   17536.248051469938        5481.4642241240235     
   17571.603390283384        5468.1625620858104     
   17606.958729096830        5454.7629000427696     
   17642.314067910280        5441.2652379949050     
   17677.669406723726        5427.6695759422091     
   17713.024745537175        5413.9759138846839     
   17748.380084350621        5400.1842518223348     
   17783.735423164067        5386.2945897551544     
   17819.090761977517        5372.3069276831466     
   17854.446100790963        5358.2212656063093     
   17889.801439604413        5344.0376035246445     
   17925.156778417859        5329.7559414381576     
   17960.512117231305        5315.3762793468341     
   17995.867456044754        5300.8986172506866     
   18031.222794858200        5286.3229551497152     
   18066.578133671650        5271.6492930439108     
   18101.933472485096        5256.8776309332789     
   18137.288811298542        5242.0079688178175     
   18172.644150111992        5227.0403066975286     
   18207.999488925438        5211.9746445724177     
   18243.354827738887        5196.8109824424719     
   18278.710166552333        5181.5493203077003     
   18314.065505365779        5166.1896581681049     
   18349.420844179229        5150.7319960236764     
   18384.776182992675        5135.1763338744204     
   18420.131521806125        5119.5226717203368     
   18455.486860619571        5103.7710095614239     
   18490.842199433017        5087.9213473976870     
   18526.197538246466        5071.9736852291207     
   18561.552877059912        5055.9280230557233     
   18596.908215873362        5039.7843608775038     
   18632.263554686808        5023.5426986944512     
   18667.618893500254        5007.2030365065712     
   18702.974232313703        4990.7653743138635     
   18738.329571127149        4974.2297121163283     
   18773.684909940599        4957.5960499139674     
   18809.040248754045        4940.8643877067734     
   18844.395587567491        4924.0347254947555     
   18879.750926380941        4907.1070632779101     
   18915.106265194387        4890.0814010562372     
   18950.461604007836        4872.9577388297312     
   18985.816942821282        4855.7360765984013     
   19021.172281634728        4838.4164143622402     
   19056.527620448178        4820.9987521212570     
   19091.882959261624        4803.4830898754426     
   19127.238298075074        4785.8694276247970     
   19162.593636888520        4768.1577653693294     
   19197.948975701966        4750.3481031090287     
   19233.304314515415        4732.4404408439023     
   19268.659653328861        4714.4347785739483     
   19304.014992142311        4696.3311162991631     
   19339.370330955757        4678.1294540195559     
   19374.725669769203        4659.8297917351156     
   19410.081008582652        4641.4321294458496     
   19445.436347396098        4622.9364671517578     
   19480.791686209548        4604.3428048528349     
   19516.147025022994        4585.6511425490826     
   19551.502363836440        4566.8614802405045     
   19586.857702649890        4547.9738179270953     
   19622.213041463336        4528.9881556088621     
   19657.568380276785        4509.9044932858014     
   19692.923719090231        4490.7228309579077     
   19728.279057903677        4471.4431686251937     
   19763.634396717127        4452.0655062876467     
   19798.989735530573        4432.5898439452703     
   19834.345074344023        4413.0161815980682     
   19869.700413157469        4393.3445192460385     
   19905.055751970915        4373.5748568891831     
   19940.411090784364        4353.7071945274947     
   19975.766429597810        4333.7415321609787     
   20011.121768411260        4313.6778697896407     
   20046.477107224706        4293.5162074134696     
   20081.832446038152        4273.2565450324691     
   20117.187784851601        4252.8988826466448     
   20152.543123665047        4232.4432202559874     
   20187.898462478497        4211.8895578605079     
   20223.253801291943        4191.2378954601973     
   20258.609140105389        4170.4882330550590     
   20293.964478918839        4149.6405706450969     
   20329.319817732285        4128.6949082302999     
   20364.675156545734        4107.6512458106790     
   20400.030495359180        4086.5095833862288     
   20435.385834172626        4065.2699209569473     
   20470.741172986076        4043.9322585228438     
   20506.096511799522        4022.4965960839108     
   20541.451850612972        4000.9629336401485     
   20576.807189426418        3979.3312711915605     
   20612.162528239864        3957.6016087381431     
   20647.517867053313        3935.7739462798963     
   20682.873205866759        3913.8482838168202     
   20718.228544680209        3891.8246213489183     
   20753.583883493655        3869.7029588761943     
   20788.939222307101        3847.4832963986337     
   20824.294561120550        3825.1656339162473     
   20859.649899933996        3802.7499714290352     
   20895.005238747446        3780.2363089369937     
   20930.360577560892        3757.6246464401229     
   20965.715916374338        3734.9149839384263     
   21001.071255187788        3712.1073214319003     
   21036.426594001234        3689.2016589205487     
   21071.781932814683        3666.1979964043676     
   21107.137271628129        3643.0963338833535     
   21142.492610441575        3619.8966713575210     
   21177.847949255025        3596.5990088268554     
   21213.203288068471        3573.2033462913605     
   21248.558626881921        3549.7096837510362     
   21283.913965695367        3526.1180212058898     
   21319.269304508813        3502.4283586559141     
   21354.624643322262        3478.6406961011089     
   21389.979982135708        3454.7550335414744     
   21425.335320949158        3430.7713709770178     
   21460.690659762604        3406.6897084077245     
   21496.045998576050        3382.5100458336092     
   21531.401337389500        3358.2323832546608     
   21566.756676202946        3333.8567206708867     
   21602.112015016395        3309.3830580822905     
   21637.467353829841        3284.8113954888577     
   21672.822692643287        3260.1417328905991     
   21708.178031456737        3235.3740702875184     
   21743.533370270183        3210.5084076796047     
   21778.888709083632        3185.5447450668653     
   21814.244047897078        3160.4830824492929     
   21849.599386710524        3135.3234198268947     
   21884.954725523974        3110.0657571996708     
   21920.310064337420        3084.7100945676211     
   21955.665403150870        3059.2564319307385     
   21991.020741964316        3033.7047692890301     
   22026.376080777762        3008.0551066424960     
   22061.731419591211        2982.3074439911288     
   22097.086758404657        2956.4617813349359     
   22132.442097218107        2930.5181186739137     
   22167.797436031553        2904.4764560080694     
   22203.152774844999        2878.3367933373884     
   22238.508113658449        2852.0991306618853     
   22273.863452471895        2825.7634679815528     
   22309.218791285344        2799.3298052963910     
   22344.574130098790        2772.7981426064034     
   22379.929468912236        2746.1684799115865     
   22415.284807725686        2719.4408172119402     
   22450.640146539132        2692.6151545074717     
   22485.995485352581        2665.6914917981703     
   22521.350824166027        2638.6698290840395     
   22556.706162979473        2611.5501663650866     
   22592.061501792923        2584.3325036413044     
   22627.416840606369        2557.0168409126891     
   22662.772179419819        2529.6031781792444     
   22698.127518233265        2502.0915154409777     
   22733.482857046711        2474.4818526978815     
   22768.838195860160        2446.7741899499597     
   22804.193534673606        2418.9685271972048     
   22839.548873487056        2391.0648644396279     
   22874.904212300502        2363.0632016772179     
   22910.259551113948        2334.9635389099822     
   22945.614889927398        2306.7658761379207     
   22980.970228740844        2278.4702133610226     
   23016.325567554293        2250.0765505793097     
   23051.680906367739        2221.5848877927565     
   23087.036245181185        2192.9952250013812     
   23122.391583994635        2164.3075622051801     
   23157.746922808081        2135.5218994041461     
   23193.102261621530        2106.6382365982863     
   23228.457600434976        2077.6565737875935     
   23263.812939248422        2048.5769109720823     
   23299.168278061872        2019.3992481517380     
   23334.523616875318        1990.1235853265680     
   23369.878955688768        1960.7499224965650     
   23405.234294502214        1931.2782596617435     
   23440.589633315660        1901.7085968220854     
   23475.944972129109        1872.0409339776015     
   23511.300310942555        1842.2752711282883     
   23546.655649756005        1812.4116082741457     
   23582.010988569451        1782.4499454151810     
   23617.366327382897        1752.3902825513833     
   23652.721666196347        1722.2326196827598     
   23688.077005009793        1691.9769568093106     
   23723.432343823242        1661.6232939310321     
   23758.787682636688        1631.1716310479205     
   23794.143021450134        1600.6219681599832     
   23829.498360263584        1569.9743052672202     
   23864.853699077030        1539.2286423696314     
   23900.209037890480        1508.3849794672096     
   23935.564376703926        1477.4433165599621     
   23970.919715517372        1446.4036536478889     
   24006.275054330821        1415.2659907309862     
   24041.630393144267        1384.0303278092542     
   24076.985731957717        1352.6966648826929     
   24112.341070771163        1321.2650019513021     
   24147.696409584609        1289.7353390150929     
   24183.051748398058        1258.1076760740470     
   24218.407087211504        1226.3820131281755     
   24253.762426024954        1194.5583501774818     
   24289.117764838400        1162.6366872219478     
   24324.473103651846        1130.6170242615917     
   24359.828442465296        1098.4993612964136     
   24395.183781278742        1066.2836983263987     
   24430.539120092191        1033.9700353515618     
   24465.894458905637        1001.5583723718955     
   24501.249797719083        969.04870938739623     
   24536.605136532533        936.44104639807847     
   24571.960475345979        903.73538340392770     
   24607.315814159429        870.93172040494755     
   24642.671152972875        838.03005740113804     
   24678.026491786321        805.03039439250279     
   24713.381830599770        771.93273137904180     
   24748.737169413216        738.73706836075144     
   24784.092508226666        705.44340533762806     
   24819.447847040112        672.05174230968623     
   24854.803185853558        638.56207927691139     
   24890.158524667007        604.97441623930717     
   24925.513863480453        571.28875319687722     
   24960.869202293903        537.50509014961426     
   24996.224541107349        503.62342709752920     
   25031.579879920795        469.64376404061841     
   25066.935218734245        435.56610097887096     
   25102.290557547691        401.39043791230506     
   25137.645896361140        367.11677484090615     
   25173.001235174586        332.74511176467422     
   25208.356573988032        298.27544868362020     
   25243.711912801482        263.70778559774044     
   25279.067251614928        229.04212250703131     
   25314.422590428378        194.27845941148917     
   25349.777929241824        159.41679631112493     
   25385.133268055270        124.45713320593131     
   25420.488606868719        89.399470095908327     
   25455.843945682165        54.243806981059606     
   25491.199284495615        18.990143861377874     
