           1  0.10000000000000001        9.9999999999961231E-006
           2  0.18000000000000002        1.5999799999971698E-005
           3  0.29520000000000002        2.0479232012815540E-005
           4  0.41611392000000003        1.6775748067021645E-005
           5  0.48592625116446719        5.6284441262155482E-006
           6  0.49960385918742867        3.1678987710836992E-007
           7  0.49999968614491325        5.0177284549590695E-010
           8  0.49999999999980305        6.1062266354383610E-016
           9  0.50000000000000000        5.5511151231257827E-017
          10  0.50000000000000000        5.5511151231257827E-017
          11  0.50000000000000000        5.5511151231257827E-017
          12  0.50000000000000000        5.5511151231257827E-017
          13  0.50000000000000000        5.5511151231257827E-017
          14  0.50000000000000000        5.5511151231257827E-017
          15  0.50000000000000000        5.5511151231257827E-017
          16  0.50000000000000000        5.5511151231257827E-017
          17  0.50000000000000000        5.5511151231257827E-017
          18  0.50000000000000000        5.5511151231257827E-017
          19  0.50000000000000000        5.5511151231257827E-017
          20  0.50000000000000000        5.5511151231257827E-017
          21  0.50000000000000000        5.5511151231257827E-017
          22  0.50000000000000000        5.5511151231257827E-017
          23  0.50000000000000000        5.5511151231257827E-017
          24  0.50000000000000000        5.5511151231257827E-017
          25  0.50000000000000000        5.5511151231257827E-017
          26  0.50000000000000000        5.5511151231257827E-017
          27  0.50000000000000000        5.5511151231257827E-017
          28  0.50000000000000000        5.5511151231257827E-017
          29  0.50000000000000000        5.5511151231257827E-017
          30  0.50000000000000000        5.5511151231257827E-017
          31  0.50000000000000000        5.5511151231257827E-017
          32  0.50000000000000000        5.5511151231257827E-017
          33  0.50000000000000000        5.5511151231257827E-017
          34  0.50000000000000000        5.5511151231257827E-017
          35  0.50000000000000000        5.5511151231257827E-017
          36  0.50000000000000000        5.5511151231257827E-017
          37  0.50000000000000000        5.5511151231257827E-017
          38  0.50000000000000000        5.5511151231257827E-017
          39  0.50000000000000000        5.5511151231257827E-017
          40  0.50000000000000000        5.5511151231257827E-017
          41  0.50000000000000000        5.5511151231257827E-017
          42  0.50000000000000000        5.5511151231257827E-017
          43  0.50000000000000000        5.5511151231257827E-017
          44  0.50000000000000000        5.5511151231257827E-017
          45  0.50000000000000000        5.5511151231257827E-017
          46  0.50000000000000000        5.5511151231257827E-017
          47  0.50000000000000000        5.5511151231257827E-017
          48  0.50000000000000000        5.5511151231257827E-017
          49  0.50000000000000000        5.5511151231257827E-017
          50  0.50000000000000000        5.5511151231257827E-017
          51  0.50000000000000000        5.5511151231257827E-017
          52  0.50000000000000000        5.5511151231257827E-017
          53  0.50000000000000000        5.5511151231257827E-017
          54  0.50000000000000000        5.5511151231257827E-017
          55  0.50000000000000000        5.5511151231257827E-017
          56  0.50000000000000000        5.5511151231257827E-017
          57  0.50000000000000000        5.5511151231257827E-017
          58  0.50000000000000000        5.5511151231257827E-017
          59  0.50000000000000000        5.5511151231257827E-017
          60  0.50000000000000000        5.5511151231257827E-017
          61  0.50000000000000000        5.5511151231257827E-017
          62  0.50000000000000000        5.5511151231257827E-017
          63  0.50000000000000000        5.5511151231257827E-017
          64  0.50000000000000000        5.5511151231257827E-017
          65  0.50000000000000000        5.5511151231257827E-017
          66  0.50000000000000000        5.5511151231257827E-017
          67  0.50000000000000000        5.5511151231257827E-017
          68  0.50000000000000000        5.5511151231257827E-017
          69  0.50000000000000000        5.5511151231257827E-017
          70  0.50000000000000000        5.5511151231257827E-017
          71  0.50000000000000000        5.5511151231257827E-017
          72  0.50000000000000000        5.5511151231257827E-017
          73  0.50000000000000000        5.5511151231257827E-017
          74  0.50000000000000000        5.5511151231257827E-017
          75  0.50000000000000000        5.5511151231257827E-017
          76  0.50000000000000000        5.5511151231257827E-017
          77  0.50000000000000000        5.5511151231257827E-017
          78  0.50000000000000000        5.5511151231257827E-017
          79  0.50000000000000000        5.5511151231257827E-017
          80  0.50000000000000000        5.5511151231257827E-017
          81  0.50000000000000000        5.5511151231257827E-017
          82  0.50000000000000000        5.5511151231257827E-017
          83  0.50000000000000000        5.5511151231257827E-017
          84  0.50000000000000000        5.5511151231257827E-017
          85  0.50000000000000000        5.5511151231257827E-017
          86  0.50000000000000000        5.5511151231257827E-017
          87  0.50000000000000000        5.5511151231257827E-017
          88  0.50000000000000000        5.5511151231257827E-017
          89  0.50000000000000000        5.5511151231257827E-017
          90  0.50000000000000000        5.5511151231257827E-017
          91  0.50000000000000000        5.5511151231257827E-017
          92  0.50000000000000000        5.5511151231257827E-017
          93  0.50000000000000000        5.5511151231257827E-017
          94  0.50000000000000000        5.5511151231257827E-017
          95  0.50000000000000000        5.5511151231257827E-017
          96  0.50000000000000000        5.5511151231257827E-017
          97  0.50000000000000000        5.5511151231257827E-017
          98  0.50000000000000000        5.5511151231257827E-017
          99  0.50000000000000000        5.5511151231257827E-017
         100  0.50000000000000000        5.5511151231257827E-017
         101  0.50000000000000000        5.5511151231257827E-017
         102  0.50000000000000000        5.5511151231257827E-017
         103  0.50000000000000000        5.5511151231257827E-017
         104  0.50000000000000000        5.5511151231257827E-017
         105  0.50000000000000000        5.5511151231257827E-017
         106  0.50000000000000000        5.5511151231257827E-017
         107  0.50000000000000000        5.5511151231257827E-017
         108  0.50000000000000000        5.5511151231257827E-017
         109  0.50000000000000000        5.5511151231257827E-017
         110  0.50000000000000000        5.5511151231257827E-017
         111  0.50000000000000000        5.5511151231257827E-017
         112  0.50000000000000000        5.5511151231257827E-017
         113  0.50000000000000000        5.5511151231257827E-017
         114  0.50000000000000000        5.5511151231257827E-017
         115  0.50000000000000000        5.5511151231257827E-017
         116  0.50000000000000000        5.5511151231257827E-017
         117  0.50000000000000000        5.5511151231257827E-017
         118  0.50000000000000000        5.5511151231257827E-017
         119  0.50000000000000000        5.5511151231257827E-017
         120  0.50000000000000000        5.5511151231257827E-017
         121  0.50000000000000000        5.5511151231257827E-017
         122  0.50000000000000000        5.5511151231257827E-017
         123  0.50000000000000000        5.5511151231257827E-017
         124  0.50000000000000000        5.5511151231257827E-017
         125  0.50000000000000000        5.5511151231257827E-017
         126  0.50000000000000000        5.5511151231257827E-017
         127  0.50000000000000000        5.5511151231257827E-017
         128  0.50000000000000000        5.5511151231257827E-017
         129  0.50000000000000000        5.5511151231257827E-017
         130  0.50000000000000000        5.5511151231257827E-017
         131  0.50000000000000000        5.5511151231257827E-017
         132  0.50000000000000000        5.5511151231257827E-017
         133  0.50000000000000000        5.5511151231257827E-017
         134  0.50000000000000000        5.5511151231257827E-017
         135  0.50000000000000000        5.5511151231257827E-017
         136  0.50000000000000000        5.5511151231257827E-017
         137  0.50000000000000000        5.5511151231257827E-017
         138  0.50000000000000000        5.5511151231257827E-017
         139  0.50000000000000000        5.5511151231257827E-017
         140  0.50000000000000000        5.5511151231257827E-017
         141  0.50000000000000000        5.5511151231257827E-017
         142  0.50000000000000000        5.5511151231257827E-017
         143  0.50000000000000000        5.5511151231257827E-017
         144  0.50000000000000000        5.5511151231257827E-017
         145  0.50000000000000000        5.5511151231257827E-017
         146  0.50000000000000000        5.5511151231257827E-017
         147  0.50000000000000000        5.5511151231257827E-017
         148  0.50000000000000000        5.5511151231257827E-017
         149  0.50000000000000000        5.5511151231257827E-017
         150  0.50000000000000000        5.5511151231257827E-017
         151  0.50000000000000000        5.5511151231257827E-017
         152  0.50000000000000000        5.5511151231257827E-017
         153  0.50000000000000000        5.5511151231257827E-017
         154  0.50000000000000000        5.5511151231257827E-017
         155  0.50000000000000000        5.5511151231257827E-017
         156  0.50000000000000000        5.5511151231257827E-017
         157  0.50000000000000000        5.5511151231257827E-017
         158  0.50000000000000000        5.5511151231257827E-017
         159  0.50000000000000000        5.5511151231257827E-017
         160  0.50000000000000000        5.5511151231257827E-017
         161  0.50000000000000000        5.5511151231257827E-017
         162  0.50000000000000000        5.5511151231257827E-017
         163  0.50000000000000000        5.5511151231257827E-017
         164  0.50000000000000000        5.5511151231257827E-017
         165  0.50000000000000000        5.5511151231257827E-017
         166  0.50000000000000000        5.5511151231257827E-017
         167  0.50000000000000000        5.5511151231257827E-017
         168  0.50000000000000000        5.5511151231257827E-017
         169  0.50000000000000000        5.5511151231257827E-017
         170  0.50000000000000000        5.5511151231257827E-017
         171  0.50000000000000000        5.5511151231257827E-017
         172  0.50000000000000000        5.5511151231257827E-017
         173  0.50000000000000000        5.5511151231257827E-017
         174  0.50000000000000000        5.5511151231257827E-017
         175  0.50000000000000000        5.5511151231257827E-017
         176  0.50000000000000000        5.5511151231257827E-017
         177  0.50000000000000000        5.5511151231257827E-017
         178  0.50000000000000000        5.5511151231257827E-017
         179  0.50000000000000000        5.5511151231257827E-017
         180  0.50000000000000000        5.5511151231257827E-017
         181  0.50000000000000000        5.5511151231257827E-017
         182  0.50000000000000000        5.5511151231257827E-017
         183  0.50000000000000000        5.5511151231257827E-017
         184  0.50000000000000000        5.5511151231257827E-017
         185  0.50000000000000000        5.5511151231257827E-017
         186  0.50000000000000000        5.5511151231257827E-017
         187  0.50000000000000000        5.5511151231257827E-017
         188  0.50000000000000000        5.5511151231257827E-017
         189  0.50000000000000000        5.5511151231257827E-017
         190  0.50000000000000000        5.5511151231257827E-017
         191  0.50000000000000000        5.5511151231257827E-017
         192  0.50000000000000000        5.5511151231257827E-017
         193  0.50000000000000000        5.5511151231257827E-017
         194  0.50000000000000000        5.5511151231257827E-017
         195  0.50000000000000000        5.5511151231257827E-017
         196  0.50000000000000000        5.5511151231257827E-017
         197  0.50000000000000000        5.5511151231257827E-017
         198  0.50000000000000000        5.5511151231257827E-017
         199  0.50000000000000000        5.5511151231257827E-017
         200  0.50000000000000000        5.5511151231257827E-017
         201  0.50000000000000000        5.5511151231257827E-017
         202  0.50000000000000000        5.5511151231257827E-017
         203  0.50000000000000000        5.5511151231257827E-017
         204  0.50000000000000000        5.5511151231257827E-017
         205  0.50000000000000000        5.5511151231257827E-017
         206  0.50000000000000000        5.5511151231257827E-017
         207  0.50000000000000000        5.5511151231257827E-017
         208  0.50000000000000000        5.5511151231257827E-017
         209  0.50000000000000000        5.5511151231257827E-017
         210  0.50000000000000000        5.5511151231257827E-017
         211  0.50000000000000000        5.5511151231257827E-017
         212  0.50000000000000000        5.5511151231257827E-017
         213  0.50000000000000000        5.5511151231257827E-017
         214  0.50000000000000000        5.5511151231257827E-017
         215  0.50000000000000000        5.5511151231257827E-017
         216  0.50000000000000000        5.5511151231257827E-017
         217  0.50000000000000000        5.5511151231257827E-017
         218  0.50000000000000000        5.5511151231257827E-017
         219  0.50000000000000000        5.5511151231257827E-017
         220  0.50000000000000000        5.5511151231257827E-017
         221  0.50000000000000000        5.5511151231257827E-017
         222  0.50000000000000000        5.5511151231257827E-017
         223  0.50000000000000000        5.5511151231257827E-017
         224  0.50000000000000000        5.5511151231257827E-017
         225  0.50000000000000000        5.5511151231257827E-017
         226  0.50000000000000000        5.5511151231257827E-017
         227  0.50000000000000000        5.5511151231257827E-017
         228  0.50000000000000000        5.5511151231257827E-017
         229  0.50000000000000000        5.5511151231257827E-017
         230  0.50000000000000000        5.5511151231257827E-017
         231  0.50000000000000000        5.5511151231257827E-017
         232  0.50000000000000000        5.5511151231257827E-017
         233  0.50000000000000000        5.5511151231257827E-017
         234  0.50000000000000000        5.5511151231257827E-017
         235  0.50000000000000000        5.5511151231257827E-017
         236  0.50000000000000000        5.5511151231257827E-017
         237  0.50000000000000000        5.5511151231257827E-017
         238  0.50000000000000000        5.5511151231257827E-017
         239  0.50000000000000000        5.5511151231257827E-017
         240  0.50000000000000000        5.5511151231257827E-017
         241  0.50000000000000000        5.5511151231257827E-017
         242  0.50000000000000000        5.5511151231257827E-017
         243  0.50000000000000000        5.5511151231257827E-017
         244  0.50000000000000000        5.5511151231257827E-017
         245  0.50000000000000000        5.5511151231257827E-017
         246  0.50000000000000000        5.5511151231257827E-017
         247  0.50000000000000000        5.5511151231257827E-017
         248  0.50000000000000000        5.5511151231257827E-017
         249  0.50000000000000000        5.5511151231257827E-017
         250  0.50000000000000000        5.5511151231257827E-017
         251  0.50000000000000000        5.5511151231257827E-017
         252  0.50000000000000000        5.5511151231257827E-017
         253  0.50000000000000000        5.5511151231257827E-017
         254  0.50000000000000000        5.5511151231257827E-017
         255  0.50000000000000000        5.5511151231257827E-017
         256  0.50000000000000000        5.5511151231257827E-017
         257  0.50000000000000000        5.5511151231257827E-017
         258  0.50000000000000000        5.5511151231257827E-017
         259  0.50000000000000000        5.5511151231257827E-017
         260  0.50000000000000000        5.5511151231257827E-017
         261  0.50000000000000000        5.5511151231257827E-017
         262  0.50000000000000000        5.5511151231257827E-017
         263  0.50000000000000000        5.5511151231257827E-017
         264  0.50000000000000000        5.5511151231257827E-017
         265  0.50000000000000000        5.5511151231257827E-017
         266  0.50000000000000000        5.5511151231257827E-017
         267  0.50000000000000000        5.5511151231257827E-017
         268  0.50000000000000000        5.5511151231257827E-017
         269  0.50000000000000000        5.5511151231257827E-017
         270  0.50000000000000000        5.5511151231257827E-017
         271  0.50000000000000000        5.5511151231257827E-017
         272  0.50000000000000000        5.5511151231257827E-017
         273  0.50000000000000000        5.5511151231257827E-017
         274  0.50000000000000000        5.5511151231257827E-017
         275  0.50000000000000000        5.5511151231257827E-017
         276  0.50000000000000000        5.5511151231257827E-017
         277  0.50000000000000000        5.5511151231257827E-017
         278  0.50000000000000000        5.5511151231257827E-017
         279  0.50000000000000000        5.5511151231257827E-017
         280  0.50000000000000000        5.5511151231257827E-017
         281  0.50000000000000000        5.5511151231257827E-017
         282  0.50000000000000000        5.5511151231257827E-017
         283  0.50000000000000000        5.5511151231257827E-017
         284  0.50000000000000000        5.5511151231257827E-017
         285  0.50000000000000000        5.5511151231257827E-017
         286  0.50000000000000000        5.5511151231257827E-017
         287  0.50000000000000000        5.5511151231257827E-017
         288  0.50000000000000000        5.5511151231257827E-017
         289  0.50000000000000000        5.5511151231257827E-017
         290  0.50000000000000000        5.5511151231257827E-017
         291  0.50000000000000000        5.5511151231257827E-017
         292  0.50000000000000000        5.5511151231257827E-017
         293  0.50000000000000000        5.5511151231257827E-017
         294  0.50000000000000000        5.5511151231257827E-017
         295  0.50000000000000000        5.5511151231257827E-017
         296  0.50000000000000000        5.5511151231257827E-017
         297  0.50000000000000000        5.5511151231257827E-017
         298  0.50000000000000000        5.5511151231257827E-017
         299  0.50000000000000000        5.5511151231257827E-017
         300  0.50000000000000000        5.5511151231257827E-017
         301  0.50000000000000000        5.5511151231257827E-017
         302  0.50000000000000000        5.5511151231257827E-017
         303  0.50000000000000000        5.5511151231257827E-017
         304  0.50000000000000000        5.5511151231257827E-017
         305  0.50000000000000000        5.5511151231257827E-017
         306  0.50000000000000000        5.5511151231257827E-017
         307  0.50000000000000000        5.5511151231257827E-017
         308  0.50000000000000000        5.5511151231257827E-017
         309  0.50000000000000000        5.5511151231257827E-017
         310  0.50000000000000000        5.5511151231257827E-017
         311  0.50000000000000000        5.5511151231257827E-017
         312  0.50000000000000000        5.5511151231257827E-017
         313  0.50000000000000000        5.5511151231257827E-017
         314  0.50000000000000000        5.5511151231257827E-017
         315  0.50000000000000000        5.5511151231257827E-017
         316  0.50000000000000000        5.5511151231257827E-017
         317  0.50000000000000000        5.5511151231257827E-017
         318  0.50000000000000000        5.5511151231257827E-017
         319  0.50000000000000000        5.5511151231257827E-017
         320  0.50000000000000000        5.5511151231257827E-017
         321  0.50000000000000000        5.5511151231257827E-017
         322  0.50000000000000000        5.5511151231257827E-017
         323  0.50000000000000000        5.5511151231257827E-017
         324  0.50000000000000000        5.5511151231257827E-017
         325  0.50000000000000000        5.5511151231257827E-017
         326  0.50000000000000000        5.5511151231257827E-017
         327  0.50000000000000000        5.5511151231257827E-017
         328  0.50000000000000000        5.5511151231257827E-017
         329  0.50000000000000000        5.5511151231257827E-017
         330  0.50000000000000000        5.5511151231257827E-017
         331  0.50000000000000000        5.5511151231257827E-017
         332  0.50000000000000000        5.5511151231257827E-017
         333  0.50000000000000000        5.5511151231257827E-017
         334  0.50000000000000000        5.5511151231257827E-017
         335  0.50000000000000000        5.5511151231257827E-017
         336  0.50000000000000000        5.5511151231257827E-017
         337  0.50000000000000000        5.5511151231257827E-017
         338  0.50000000000000000        5.5511151231257827E-017
         339  0.50000000000000000        5.5511151231257827E-017
         340  0.50000000000000000        5.5511151231257827E-017
         341  0.50000000000000000        5.5511151231257827E-017
         342  0.50000000000000000        5.5511151231257827E-017
         343  0.50000000000000000        5.5511151231257827E-017
         344  0.50000000000000000        5.5511151231257827E-017
         345  0.50000000000000000        5.5511151231257827E-017
         346  0.50000000000000000        5.5511151231257827E-017
         347  0.50000000000000000        5.5511151231257827E-017
         348  0.50000000000000000        5.5511151231257827E-017
         349  0.50000000000000000        5.5511151231257827E-017
         350  0.50000000000000000        5.5511151231257827E-017
         351  0.50000000000000000        5.5511151231257827E-017
         352  0.50000000000000000        5.5511151231257827E-017
         353  0.50000000000000000        5.5511151231257827E-017
         354  0.50000000000000000        5.5511151231257827E-017
         355  0.50000000000000000        5.5511151231257827E-017
         356  0.50000000000000000        5.5511151231257827E-017
         357  0.50000000000000000        5.5511151231257827E-017
         358  0.50000000000000000        5.5511151231257827E-017
         359  0.50000000000000000        5.5511151231257827E-017
         360  0.50000000000000000        5.5511151231257827E-017
         361  0.50000000000000000        5.5511151231257827E-017
         362  0.50000000000000000        5.5511151231257827E-017
         363  0.50000000000000000        5.5511151231257827E-017
         364  0.50000000000000000        5.5511151231257827E-017
         365  0.50000000000000000        5.5511151231257827E-017
         366  0.50000000000000000        5.5511151231257827E-017
         367  0.50000000000000000        5.5511151231257827E-017
         368  0.50000000000000000        5.5511151231257827E-017
         369  0.50000000000000000        5.5511151231257827E-017
         370  0.50000000000000000        5.5511151231257827E-017
         371  0.50000000000000000        5.5511151231257827E-017
         372  0.50000000000000000        5.5511151231257827E-017
         373  0.50000000000000000        5.5511151231257827E-017
         374  0.50000000000000000        5.5511151231257827E-017
         375  0.50000000000000000        5.5511151231257827E-017
         376  0.50000000000000000        5.5511151231257827E-017
         377  0.50000000000000000        5.5511151231257827E-017
         378  0.50000000000000000        5.5511151231257827E-017
         379  0.50000000000000000        5.5511151231257827E-017
         380  0.50000000000000000        5.5511151231257827E-017
         381  0.50000000000000000        5.5511151231257827E-017
         382  0.50000000000000000        5.5511151231257827E-017
         383  0.50000000000000000        5.5511151231257827E-017
         384  0.50000000000000000        5.5511151231257827E-017
         385  0.50000000000000000        5.5511151231257827E-017
         386  0.50000000000000000        5.5511151231257827E-017
         387  0.50000000000000000        5.5511151231257827E-017
         388  0.50000000000000000        5.5511151231257827E-017
         389  0.50000000000000000        5.5511151231257827E-017
         390  0.50000000000000000        5.5511151231257827E-017
         391  0.50000000000000000        5.5511151231257827E-017
         392  0.50000000000000000        5.5511151231257827E-017
         393  0.50000000000000000        5.5511151231257827E-017
         394  0.50000000000000000        5.5511151231257827E-017
         395  0.50000000000000000        5.5511151231257827E-017
         396  0.50000000000000000        5.5511151231257827E-017
         397  0.50000000000000000        5.5511151231257827E-017
         398  0.50000000000000000        5.5511151231257827E-017
         399  0.50000000000000000        5.5511151231257827E-017
         400  0.50000000000000000        5.5511151231257827E-017
         401  0.50000000000000000        5.5511151231257827E-017
         402  0.50000000000000000        5.5511151231257827E-017
         403  0.50000000000000000        5.5511151231257827E-017
         404  0.50000000000000000        5.5511151231257827E-017
         405  0.50000000000000000        5.5511151231257827E-017
         406  0.50000000000000000        5.5511151231257827E-017
         407  0.50000000000000000        5.5511151231257827E-017
         408  0.50000000000000000        5.5511151231257827E-017
         409  0.50000000000000000        5.5511151231257827E-017
         410  0.50000000000000000        5.5511151231257827E-017
         411  0.50000000000000000        5.5511151231257827E-017
         412  0.50000000000000000        5.5511151231257827E-017
         413  0.50000000000000000        5.5511151231257827E-017
         414  0.50000000000000000        5.5511151231257827E-017
         415  0.50000000000000000        5.5511151231257827E-017
         416  0.50000000000000000        5.5511151231257827E-017
         417  0.50000000000000000        5.5511151231257827E-017
         418  0.50000000000000000        5.5511151231257827E-017
         419  0.50000000000000000        5.5511151231257827E-017
         420  0.50000000000000000        5.5511151231257827E-017
         421  0.50000000000000000        5.5511151231257827E-017
         422  0.50000000000000000        5.5511151231257827E-017
         423  0.50000000000000000        5.5511151231257827E-017
         424  0.50000000000000000        5.5511151231257827E-017
         425  0.50000000000000000        5.5511151231257827E-017
         426  0.50000000000000000        5.5511151231257827E-017
         427  0.50000000000000000        5.5511151231257827E-017
         428  0.50000000000000000        5.5511151231257827E-017
         429  0.50000000000000000        5.5511151231257827E-017
         430  0.50000000000000000        5.5511151231257827E-017
         431  0.50000000000000000        5.5511151231257827E-017
         432  0.50000000000000000        5.5511151231257827E-017
         433  0.50000000000000000        5.5511151231257827E-017
         434  0.50000000000000000        5.5511151231257827E-017
         435  0.50000000000000000        5.5511151231257827E-017
         436  0.50000000000000000        5.5511151231257827E-017
         437  0.50000000000000000        5.5511151231257827E-017
         438  0.50000000000000000        5.5511151231257827E-017
         439  0.50000000000000000        5.5511151231257827E-017
         440  0.50000000000000000        5.5511151231257827E-017
         441  0.50000000000000000        5.5511151231257827E-017
         442  0.50000000000000000        5.5511151231257827E-017
         443  0.50000000000000000        5.5511151231257827E-017
         444  0.50000000000000000        5.5511151231257827E-017
         445  0.50000000000000000        5.5511151231257827E-017
         446  0.50000000000000000        5.5511151231257827E-017
         447  0.50000000000000000        5.5511151231257827E-017
         448  0.50000000000000000        5.5511151231257827E-017
         449  0.50000000000000000        5.5511151231257827E-017
         450  0.50000000000000000        5.5511151231257827E-017
         451  0.50000000000000000        5.5511151231257827E-017
         452  0.50000000000000000        5.5511151231257827E-017
         453  0.50000000000000000        5.5511151231257827E-017
         454  0.50000000000000000        5.5511151231257827E-017
         455  0.50000000000000000        5.5511151231257827E-017
         456  0.50000000000000000        5.5511151231257827E-017
         457  0.50000000000000000        5.5511151231257827E-017
         458  0.50000000000000000        5.5511151231257827E-017
         459  0.50000000000000000        5.5511151231257827E-017
         460  0.50000000000000000        5.5511151231257827E-017
         461  0.50000000000000000        5.5511151231257827E-017
         462  0.50000000000000000        5.5511151231257827E-017
         463  0.50000000000000000        5.5511151231257827E-017
         464  0.50000000000000000        5.5511151231257827E-017
         465  0.50000000000000000        5.5511151231257827E-017
         466  0.50000000000000000        5.5511151231257827E-017
         467  0.50000000000000000        5.5511151231257827E-017
         468  0.50000000000000000        5.5511151231257827E-017
         469  0.50000000000000000        5.5511151231257827E-017
         470  0.50000000000000000        5.5511151231257827E-017
         471  0.50000000000000000        5.5511151231257827E-017
         472  0.50000000000000000        5.5511151231257827E-017
         473  0.50000000000000000        5.5511151231257827E-017
         474  0.50000000000000000        5.5511151231257827E-017
         475  0.50000000000000000        5.5511151231257827E-017
         476  0.50000000000000000        5.5511151231257827E-017
         477  0.50000000000000000        5.5511151231257827E-017
         478  0.50000000000000000        5.5511151231257827E-017
         479  0.50000000000000000        5.5511151231257827E-017
         480  0.50000000000000000        5.5511151231257827E-017
         481  0.50000000000000000        5.5511151231257827E-017
         482  0.50000000000000000        5.5511151231257827E-017
         483  0.50000000000000000        5.5511151231257827E-017
         484  0.50000000000000000        5.5511151231257827E-017
         485  0.50000000000000000        5.5511151231257827E-017
         486  0.50000000000000000        5.5511151231257827E-017
         487  0.50000000000000000        5.5511151231257827E-017
         488  0.50000000000000000        5.5511151231257827E-017
         489  0.50000000000000000        5.5511151231257827E-017
         490  0.50000000000000000        5.5511151231257827E-017
         491  0.50000000000000000        5.5511151231257827E-017
         492  0.50000000000000000        5.5511151231257827E-017
         493  0.50000000000000000        5.5511151231257827E-017
         494  0.50000000000000000        5.5511151231257827E-017
         495  0.50000000000000000        5.5511151231257827E-017
         496  0.50000000000000000        5.5511151231257827E-017
         497  0.50000000000000000        5.5511151231257827E-017
         498  0.50000000000000000        5.5511151231257827E-017
         499  0.50000000000000000        5.5511151231257827E-017
         500  0.50000000000000000        5.5511151231257827E-017
         501  0.50000000000000000        5.5511151231257827E-017
         502  0.50000000000000000        5.5511151231257827E-017
         503  0.50000000000000000        5.5511151231257827E-017
         504  0.50000000000000000        5.5511151231257827E-017
         505  0.50000000000000000        5.5511151231257827E-017
         506  0.50000000000000000        5.5511151231257827E-017
         507  0.50000000000000000        5.5511151231257827E-017
         508  0.50000000000000000        5.5511151231257827E-017
         509  0.50000000000000000        5.5511151231257827E-017
         510  0.50000000000000000        5.5511151231257827E-017
         511  0.50000000000000000        5.5511151231257827E-017
         512  0.50000000000000000        5.5511151231257827E-017
         513  0.50000000000000000        5.5511151231257827E-017
         514  0.50000000000000000        5.5511151231257827E-017
         515  0.50000000000000000        5.5511151231257827E-017
         516  0.50000000000000000        5.5511151231257827E-017
         517  0.50000000000000000        5.5511151231257827E-017
         518  0.50000000000000000        5.5511151231257827E-017
         519  0.50000000000000000        5.5511151231257827E-017
         520  0.50000000000000000        5.5511151231257827E-017
         521  0.50000000000000000        5.5511151231257827E-017
         522  0.50000000000000000        5.5511151231257827E-017
         523  0.50000000000000000        5.5511151231257827E-017
         524  0.50000000000000000        5.5511151231257827E-017
         525  0.50000000000000000        5.5511151231257827E-017
         526  0.50000000000000000        5.5511151231257827E-017
         527  0.50000000000000000        5.5511151231257827E-017
         528  0.50000000000000000        5.5511151231257827E-017
         529  0.50000000000000000        5.5511151231257827E-017
         530  0.50000000000000000        5.5511151231257827E-017
         531  0.50000000000000000        5.5511151231257827E-017
         532  0.50000000000000000        5.5511151231257827E-017
         533  0.50000000000000000        5.5511151231257827E-017
         534  0.50000000000000000        5.5511151231257827E-017
         535  0.50000000000000000        5.5511151231257827E-017
         536  0.50000000000000000        5.5511151231257827E-017
         537  0.50000000000000000        5.5511151231257827E-017
         538  0.50000000000000000        5.5511151231257827E-017
         539  0.50000000000000000        5.5511151231257827E-017
         540  0.50000000000000000        5.5511151231257827E-017
         541  0.50000000000000000        5.5511151231257827E-017
         542  0.50000000000000000        5.5511151231257827E-017
         543  0.50000000000000000        5.5511151231257827E-017
         544  0.50000000000000000        5.5511151231257827E-017
         545  0.50000000000000000        5.5511151231257827E-017
         546  0.50000000000000000        5.5511151231257827E-017
         547  0.50000000000000000        5.5511151231257827E-017
         548  0.50000000000000000        5.5511151231257827E-017
         549  0.50000000000000000        5.5511151231257827E-017
         550  0.50000000000000000        5.5511151231257827E-017
         551  0.50000000000000000        5.5511151231257827E-017
         552  0.50000000000000000        5.5511151231257827E-017
         553  0.50000000000000000        5.5511151231257827E-017
         554  0.50000000000000000        5.5511151231257827E-017
         555  0.50000000000000000        5.5511151231257827E-017
         556  0.50000000000000000        5.5511151231257827E-017
         557  0.50000000000000000        5.5511151231257827E-017
         558  0.50000000000000000        5.5511151231257827E-017
         559  0.50000000000000000        5.5511151231257827E-017
         560  0.50000000000000000        5.5511151231257827E-017
         561  0.50000000000000000        5.5511151231257827E-017
         562  0.50000000000000000        5.5511151231257827E-017
         563  0.50000000000000000        5.5511151231257827E-017
         564  0.50000000000000000        5.5511151231257827E-017
         565  0.50000000000000000        5.5511151231257827E-017
         566  0.50000000000000000        5.5511151231257827E-017
         567  0.50000000000000000        5.5511151231257827E-017
         568  0.50000000000000000        5.5511151231257827E-017
         569  0.50000000000000000        5.5511151231257827E-017
         570  0.50000000000000000        5.5511151231257827E-017
         571  0.50000000000000000        5.5511151231257827E-017
         572  0.50000000000000000        5.5511151231257827E-017
         573  0.50000000000000000        5.5511151231257827E-017
         574  0.50000000000000000        5.5511151231257827E-017
         575  0.50000000000000000        5.5511151231257827E-017
         576  0.50000000000000000        5.5511151231257827E-017
         577  0.50000000000000000        5.5511151231257827E-017
         578  0.50000000000000000        5.5511151231257827E-017
         579  0.50000000000000000        5.5511151231257827E-017
         580  0.50000000000000000        5.5511151231257827E-017
         581  0.50000000000000000        5.5511151231257827E-017
         582  0.50000000000000000        5.5511151231257827E-017
         583  0.50000000000000000        5.5511151231257827E-017
         584  0.50000000000000000        5.5511151231257827E-017
         585  0.50000000000000000        5.5511151231257827E-017
         586  0.50000000000000000        5.5511151231257827E-017
         587  0.50000000000000000        5.5511151231257827E-017
         588  0.50000000000000000        5.5511151231257827E-017
         589  0.50000000000000000        5.5511151231257827E-017
         590  0.50000000000000000        5.5511151231257827E-017
         591  0.50000000000000000        5.5511151231257827E-017
         592  0.50000000000000000        5.5511151231257827E-017
         593  0.50000000000000000        5.5511151231257827E-017
         594  0.50000000000000000        5.5511151231257827E-017
         595  0.50000000000000000        5.5511151231257827E-017
         596  0.50000000000000000        5.5511151231257827E-017
         597  0.50000000000000000        5.5511151231257827E-017
         598  0.50000000000000000        5.5511151231257827E-017
         599  0.50000000000000000        5.5511151231257827E-017
         600  0.50000000000000000        5.5511151231257827E-017
         601  0.50000000000000000        5.5511151231257827E-017
         602  0.50000000000000000        5.5511151231257827E-017
         603  0.50000000000000000        5.5511151231257827E-017
         604  0.50000000000000000        5.5511151231257827E-017
         605  0.50000000000000000        5.5511151231257827E-017
         606  0.50000000000000000        5.5511151231257827E-017
         607  0.50000000000000000        5.5511151231257827E-017
         608  0.50000000000000000        5.5511151231257827E-017
         609  0.50000000000000000        5.5511151231257827E-017
         610  0.50000000000000000        5.5511151231257827E-017
         611  0.50000000000000000        5.5511151231257827E-017
         612  0.50000000000000000        5.5511151231257827E-017
         613  0.50000000000000000        5.5511151231257827E-017
         614  0.50000000000000000        5.5511151231257827E-017
         615  0.50000000000000000        5.5511151231257827E-017
         616  0.50000000000000000        5.5511151231257827E-017
         617  0.50000000000000000        5.5511151231257827E-017
         618  0.50000000000000000        5.5511151231257827E-017
         619  0.50000000000000000        5.5511151231257827E-017
         620  0.50000000000000000        5.5511151231257827E-017
         621  0.50000000000000000        5.5511151231257827E-017
         622  0.50000000000000000        5.5511151231257827E-017
         623  0.50000000000000000        5.5511151231257827E-017
         624  0.50000000000000000        5.5511151231257827E-017
         625  0.50000000000000000        5.5511151231257827E-017
         626  0.50000000000000000        5.5511151231257827E-017
         627  0.50000000000000000        5.5511151231257827E-017
         628  0.50000000000000000        5.5511151231257827E-017
         629  0.50000000000000000        5.5511151231257827E-017
         630  0.50000000000000000        5.5511151231257827E-017
         631  0.50000000000000000        5.5511151231257827E-017
         632  0.50000000000000000        5.5511151231257827E-017
         633  0.50000000000000000        5.5511151231257827E-017
         634  0.50000000000000000        5.5511151231257827E-017
         635  0.50000000000000000        5.5511151231257827E-017
         636  0.50000000000000000        5.5511151231257827E-017
         637  0.50000000000000000        5.5511151231257827E-017
         638  0.50000000000000000        5.5511151231257827E-017
         639  0.50000000000000000        5.5511151231257827E-017
         640  0.50000000000000000        5.5511151231257827E-017
         641  0.50000000000000000        5.5511151231257827E-017
         642  0.50000000000000000        5.5511151231257827E-017
         643  0.50000000000000000        5.5511151231257827E-017
         644  0.50000000000000000        5.5511151231257827E-017
         645  0.50000000000000000        5.5511151231257827E-017
         646  0.50000000000000000        5.5511151231257827E-017
         647  0.50000000000000000        5.5511151231257827E-017
         648  0.50000000000000000        5.5511151231257827E-017
         649  0.50000000000000000        5.5511151231257827E-017
         650  0.50000000000000000        5.5511151231257827E-017
         651  0.50000000000000000        5.5511151231257827E-017
         652  0.50000000000000000        5.5511151231257827E-017
         653  0.50000000000000000        5.5511151231257827E-017
         654  0.50000000000000000        5.5511151231257827E-017
         655  0.50000000000000000        5.5511151231257827E-017
         656  0.50000000000000000        5.5511151231257827E-017
         657  0.50000000000000000        5.5511151231257827E-017
         658  0.50000000000000000        5.5511151231257827E-017
         659  0.50000000000000000        5.5511151231257827E-017
         660  0.50000000000000000        5.5511151231257827E-017
         661  0.50000000000000000        5.5511151231257827E-017
         662  0.50000000000000000        5.5511151231257827E-017
         663  0.50000000000000000        5.5511151231257827E-017
         664  0.50000000000000000        5.5511151231257827E-017
         665  0.50000000000000000        5.5511151231257827E-017
         666  0.50000000000000000        5.5511151231257827E-017
         667  0.50000000000000000        5.5511151231257827E-017
         668  0.50000000000000000        5.5511151231257827E-017
         669  0.50000000000000000        5.5511151231257827E-017
         670  0.50000000000000000        5.5511151231257827E-017
         671  0.50000000000000000        5.5511151231257827E-017
         672  0.50000000000000000        5.5511151231257827E-017
         673  0.50000000000000000        5.5511151231257827E-017
         674  0.50000000000000000        5.5511151231257827E-017
         675  0.50000000000000000        5.5511151231257827E-017
         676  0.50000000000000000        5.5511151231257827E-017
         677  0.50000000000000000        5.5511151231257827E-017
         678  0.50000000000000000        5.5511151231257827E-017
         679  0.50000000000000000        5.5511151231257827E-017
         680  0.50000000000000000        5.5511151231257827E-017
         681  0.50000000000000000        5.5511151231257827E-017
         682  0.50000000000000000        5.5511151231257827E-017
         683  0.50000000000000000        5.5511151231257827E-017
         684  0.50000000000000000        5.5511151231257827E-017
         685  0.50000000000000000        5.5511151231257827E-017
         686  0.50000000000000000        5.5511151231257827E-017
         687  0.50000000000000000        5.5511151231257827E-017
         688  0.50000000000000000        5.5511151231257827E-017
         689  0.50000000000000000        5.5511151231257827E-017
         690  0.50000000000000000        5.5511151231257827E-017
         691  0.50000000000000000        5.5511151231257827E-017
         692  0.50000000000000000        5.5511151231257827E-017
         693  0.50000000000000000        5.5511151231257827E-017
         694  0.50000000000000000        5.5511151231257827E-017
         695  0.50000000000000000        5.5511151231257827E-017
         696  0.50000000000000000        5.5511151231257827E-017
         697  0.50000000000000000        5.5511151231257827E-017
         698  0.50000000000000000        5.5511151231257827E-017
         699  0.50000000000000000        5.5511151231257827E-017
         700  0.50000000000000000        5.5511151231257827E-017
         701  0.50000000000000000        5.5511151231257827E-017
         702  0.50000000000000000        5.5511151231257827E-017
         703  0.50000000000000000        5.5511151231257827E-017
         704  0.50000000000000000        5.5511151231257827E-017
         705  0.50000000000000000        5.5511151231257827E-017
         706  0.50000000000000000        5.5511151231257827E-017
         707  0.50000000000000000        5.5511151231257827E-017
         708  0.50000000000000000        5.5511151231257827E-017
         709  0.50000000000000000        5.5511151231257827E-017
         710  0.50000000000000000        5.5511151231257827E-017
         711  0.50000000000000000        5.5511151231257827E-017
         712  0.50000000000000000        5.5511151231257827E-017
         713  0.50000000000000000        5.5511151231257827E-017
         714  0.50000000000000000        5.5511151231257827E-017
         715  0.50000000000000000        5.5511151231257827E-017
         716  0.50000000000000000        5.5511151231257827E-017
         717  0.50000000000000000        5.5511151231257827E-017
         718  0.50000000000000000        5.5511151231257827E-017
         719  0.50000000000000000        5.5511151231257827E-017
         720  0.50000000000000000        5.5511151231257827E-017
         721  0.50000000000000000        5.5511151231257827E-017
         722  0.50000000000000000        5.5511151231257827E-017
         723  0.50000000000000000        5.5511151231257827E-017
         724  0.50000000000000000        5.5511151231257827E-017
         725  0.50000000000000000        5.5511151231257827E-017
         726  0.50000000000000000        5.5511151231257827E-017
         727  0.50000000000000000        5.5511151231257827E-017
         728  0.50000000000000000        5.5511151231257827E-017
         729  0.50000000000000000        5.5511151231257827E-017
         730  0.50000000000000000        5.5511151231257827E-017
         731  0.50000000000000000        5.5511151231257827E-017
         732  0.50000000000000000        5.5511151231257827E-017
         733  0.50000000000000000        5.5511151231257827E-017
         734  0.50000000000000000        5.5511151231257827E-017
         735  0.50000000000000000        5.5511151231257827E-017
         736  0.50000000000000000        5.5511151231257827E-017
         737  0.50000000000000000        5.5511151231257827E-017
         738  0.50000000000000000        5.5511151231257827E-017
         739  0.50000000000000000        5.5511151231257827E-017
         740  0.50000000000000000        5.5511151231257827E-017
         741  0.50000000000000000        5.5511151231257827E-017
         742  0.50000000000000000        5.5511151231257827E-017
         743  0.50000000000000000        5.5511151231257827E-017
         744  0.50000000000000000        5.5511151231257827E-017
         745  0.50000000000000000        5.5511151231257827E-017
         746  0.50000000000000000        5.5511151231257827E-017
         747  0.50000000000000000        5.5511151231257827E-017
         748  0.50000000000000000        5.5511151231257827E-017
         749  0.50000000000000000        5.5511151231257827E-017
         750  0.50000000000000000        5.5511151231257827E-017
         751  0.50000000000000000        5.5511151231257827E-017
         752  0.50000000000000000        5.5511151231257827E-017
         753  0.50000000000000000        5.5511151231257827E-017
         754  0.50000000000000000        5.5511151231257827E-017
         755  0.50000000000000000        5.5511151231257827E-017
         756  0.50000000000000000        5.5511151231257827E-017
         757  0.50000000000000000        5.5511151231257827E-017
         758  0.50000000000000000        5.5511151231257827E-017
         759  0.50000000000000000        5.5511151231257827E-017
         760  0.50000000000000000        5.5511151231257827E-017
         761  0.50000000000000000        5.5511151231257827E-017
         762  0.50000000000000000        5.5511151231257827E-017
         763  0.50000000000000000        5.5511151231257827E-017
         764  0.50000000000000000        5.5511151231257827E-017
         765  0.50000000000000000        5.5511151231257827E-017
         766  0.50000000000000000        5.5511151231257827E-017
         767  0.50000000000000000        5.5511151231257827E-017
         768  0.50000000000000000        5.5511151231257827E-017
         769  0.50000000000000000        5.5511151231257827E-017
         770  0.50000000000000000        5.5511151231257827E-017
         771  0.50000000000000000        5.5511151231257827E-017
         772  0.50000000000000000        5.5511151231257827E-017
         773  0.50000000000000000        5.5511151231257827E-017
         774  0.50000000000000000        5.5511151231257827E-017
         775  0.50000000000000000        5.5511151231257827E-017
         776  0.50000000000000000        5.5511151231257827E-017
         777  0.50000000000000000        5.5511151231257827E-017
         778  0.50000000000000000        5.5511151231257827E-017
         779  0.50000000000000000        5.5511151231257827E-017
         780  0.50000000000000000        5.5511151231257827E-017
         781  0.50000000000000000        5.5511151231257827E-017
         782  0.50000000000000000        5.5511151231257827E-017
         783  0.50000000000000000        5.5511151231257827E-017
         784  0.50000000000000000        5.5511151231257827E-017
         785  0.50000000000000000        5.5511151231257827E-017
         786  0.50000000000000000        5.5511151231257827E-017
         787  0.50000000000000000        5.5511151231257827E-017
         788  0.50000000000000000        5.5511151231257827E-017
         789  0.50000000000000000        5.5511151231257827E-017
         790  0.50000000000000000        5.5511151231257827E-017
         791  0.50000000000000000        5.5511151231257827E-017
         792  0.50000000000000000        5.5511151231257827E-017
         793  0.50000000000000000        5.5511151231257827E-017
         794  0.50000000000000000        5.5511151231257827E-017
         795  0.50000000000000000        5.5511151231257827E-017
         796  0.50000000000000000        5.5511151231257827E-017
         797  0.50000000000000000        5.5511151231257827E-017
         798  0.50000000000000000        5.5511151231257827E-017
         799  0.50000000000000000        5.5511151231257827E-017
         800  0.50000000000000000        5.5511151231257827E-017
         801  0.50000000000000000        5.5511151231257827E-017
         802  0.50000000000000000        5.5511151231257827E-017
         803  0.50000000000000000        5.5511151231257827E-017
         804  0.50000000000000000        5.5511151231257827E-017
         805  0.50000000000000000        5.5511151231257827E-017
         806  0.50000000000000000        5.5511151231257827E-017
         807  0.50000000000000000        5.5511151231257827E-017
         808  0.50000000000000000        5.5511151231257827E-017
         809  0.50000000000000000        5.5511151231257827E-017
         810  0.50000000000000000        5.5511151231257827E-017
         811  0.50000000000000000        5.5511151231257827E-017
         812  0.50000000000000000        5.5511151231257827E-017
         813  0.50000000000000000        5.5511151231257827E-017
         814  0.50000000000000000        5.5511151231257827E-017
         815  0.50000000000000000        5.5511151231257827E-017
         816  0.50000000000000000        5.5511151231257827E-017
         817  0.50000000000000000        5.5511151231257827E-017
         818  0.50000000000000000        5.5511151231257827E-017
         819  0.50000000000000000        5.5511151231257827E-017
         820  0.50000000000000000        5.5511151231257827E-017
         821  0.50000000000000000        5.5511151231257827E-017
         822  0.50000000000000000        5.5511151231257827E-017
         823  0.50000000000000000        5.5511151231257827E-017
         824  0.50000000000000000        5.5511151231257827E-017
         825  0.50000000000000000        5.5511151231257827E-017
         826  0.50000000000000000        5.5511151231257827E-017
         827  0.50000000000000000        5.5511151231257827E-017
         828  0.50000000000000000        5.5511151231257827E-017
         829  0.50000000000000000        5.5511151231257827E-017
         830  0.50000000000000000        5.5511151231257827E-017
         831  0.50000000000000000        5.5511151231257827E-017
         832  0.50000000000000000        5.5511151231257827E-017
         833  0.50000000000000000        5.5511151231257827E-017
         834  0.50000000000000000        5.5511151231257827E-017
         835  0.50000000000000000        5.5511151231257827E-017
         836  0.50000000000000000        5.5511151231257827E-017
         837  0.50000000000000000        5.5511151231257827E-017
         838  0.50000000000000000        5.5511151231257827E-017
         839  0.50000000000000000        5.5511151231257827E-017
         840  0.50000000000000000        5.5511151231257827E-017
         841  0.50000000000000000        5.5511151231257827E-017
         842  0.50000000000000000        5.5511151231257827E-017
         843  0.50000000000000000        5.5511151231257827E-017
         844  0.50000000000000000        5.5511151231257827E-017
         845  0.50000000000000000        5.5511151231257827E-017
         846  0.50000000000000000        5.5511151231257827E-017
         847  0.50000000000000000        5.5511151231257827E-017
         848  0.50000000000000000        5.5511151231257827E-017
         849  0.50000000000000000        5.5511151231257827E-017
         850  0.50000000000000000        5.5511151231257827E-017
         851  0.50000000000000000        5.5511151231257827E-017
         852  0.50000000000000000        5.5511151231257827E-017
         853  0.50000000000000000        5.5511151231257827E-017
         854  0.50000000000000000        5.5511151231257827E-017
         855  0.50000000000000000        5.5511151231257827E-017
         856  0.50000000000000000        5.5511151231257827E-017
         857  0.50000000000000000        5.5511151231257827E-017
         858  0.50000000000000000        5.5511151231257827E-017
         859  0.50000000000000000        5.5511151231257827E-017
         860  0.50000000000000000        5.5511151231257827E-017
         861  0.50000000000000000        5.5511151231257827E-017
         862  0.50000000000000000        5.5511151231257827E-017
         863  0.50000000000000000        5.5511151231257827E-017
         864  0.50000000000000000        5.5511151231257827E-017
         865  0.50000000000000000        5.5511151231257827E-017
         866  0.50000000000000000        5.5511151231257827E-017
         867  0.50000000000000000        5.5511151231257827E-017
         868  0.50000000000000000        5.5511151231257827E-017
         869  0.50000000000000000        5.5511151231257827E-017
         870  0.50000000000000000        5.5511151231257827E-017
         871  0.50000000000000000        5.5511151231257827E-017
         872  0.50000000000000000        5.5511151231257827E-017
         873  0.50000000000000000        5.5511151231257827E-017
         874  0.50000000000000000        5.5511151231257827E-017
         875  0.50000000000000000        5.5511151231257827E-017
         876  0.50000000000000000        5.5511151231257827E-017
         877  0.50000000000000000        5.5511151231257827E-017
         878  0.50000000000000000        5.5511151231257827E-017
         879  0.50000000000000000        5.5511151231257827E-017
         880  0.50000000000000000        5.5511151231257827E-017
         881  0.50000000000000000        5.5511151231257827E-017
         882  0.50000000000000000        5.5511151231257827E-017
         883  0.50000000000000000        5.5511151231257827E-017
         884  0.50000000000000000        5.5511151231257827E-017
         885  0.50000000000000000        5.5511151231257827E-017
         886  0.50000000000000000        5.5511151231257827E-017
         887  0.50000000000000000        5.5511151231257827E-017
         888  0.50000000000000000        5.5511151231257827E-017
         889  0.50000000000000000        5.5511151231257827E-017
         890  0.50000000000000000        5.5511151231257827E-017
         891  0.50000000000000000        5.5511151231257827E-017
         892  0.50000000000000000        5.5511151231257827E-017
         893  0.50000000000000000        5.5511151231257827E-017
         894  0.50000000000000000        5.5511151231257827E-017
         895  0.50000000000000000        5.5511151231257827E-017
         896  0.50000000000000000        5.5511151231257827E-017
         897  0.50000000000000000        5.5511151231257827E-017
         898  0.50000000000000000        5.5511151231257827E-017
         899  0.50000000000000000        5.5511151231257827E-017
         900  0.50000000000000000        5.5511151231257827E-017
         901  0.50000000000000000        5.5511151231257827E-017
         902  0.50000000000000000        5.5511151231257827E-017
         903  0.50000000000000000        5.5511151231257827E-017
         904  0.50000000000000000        5.5511151231257827E-017
         905  0.50000000000000000        5.5511151231257827E-017
         906  0.50000000000000000        5.5511151231257827E-017
         907  0.50000000000000000        5.5511151231257827E-017
         908  0.50000000000000000        5.5511151231257827E-017
         909  0.50000000000000000        5.5511151231257827E-017
         910  0.50000000000000000        5.5511151231257827E-017
         911  0.50000000000000000        5.5511151231257827E-017
         912  0.50000000000000000        5.5511151231257827E-017
         913  0.50000000000000000        5.5511151231257827E-017
         914  0.50000000000000000        5.5511151231257827E-017
         915  0.50000000000000000        5.5511151231257827E-017
         916  0.50000000000000000        5.5511151231257827E-017
         917  0.50000000000000000        5.5511151231257827E-017
         918  0.50000000000000000        5.5511151231257827E-017
         919  0.50000000000000000        5.5511151231257827E-017
         920  0.50000000000000000        5.5511151231257827E-017
         921  0.50000000000000000        5.5511151231257827E-017
         922  0.50000000000000000        5.5511151231257827E-017
         923  0.50000000000000000        5.5511151231257827E-017
         924  0.50000000000000000        5.5511151231257827E-017
         925  0.50000000000000000        5.5511151231257827E-017
         926  0.50000000000000000        5.5511151231257827E-017
         927  0.50000000000000000        5.5511151231257827E-017
         928  0.50000000000000000        5.5511151231257827E-017
         929  0.50000000000000000        5.5511151231257827E-017
         930  0.50000000000000000        5.5511151231257827E-017
         931  0.50000000000000000        5.5511151231257827E-017
         932  0.50000000000000000        5.5511151231257827E-017
         933  0.50000000000000000        5.5511151231257827E-017
         934  0.50000000000000000        5.5511151231257827E-017
         935  0.50000000000000000        5.5511151231257827E-017
         936  0.50000000000000000        5.5511151231257827E-017
         937  0.50000000000000000        5.5511151231257827E-017
         938  0.50000000000000000        5.5511151231257827E-017
         939  0.50000000000000000        5.5511151231257827E-017
         940  0.50000000000000000        5.5511151231257827E-017
         941  0.50000000000000000        5.5511151231257827E-017
         942  0.50000000000000000        5.5511151231257827E-017
         943  0.50000000000000000        5.5511151231257827E-017
         944  0.50000000000000000        5.5511151231257827E-017
         945  0.50000000000000000        5.5511151231257827E-017
         946  0.50000000000000000        5.5511151231257827E-017
         947  0.50000000000000000        5.5511151231257827E-017
         948  0.50000000000000000        5.5511151231257827E-017
         949  0.50000000000000000        5.5511151231257827E-017
         950  0.50000000000000000        5.5511151231257827E-017
         951  0.50000000000000000        5.5511151231257827E-017
         952  0.50000000000000000        5.5511151231257827E-017
         953  0.50000000000000000        5.5511151231257827E-017
         954  0.50000000000000000        5.5511151231257827E-017
         955  0.50000000000000000        5.5511151231257827E-017
         956  0.50000000000000000        5.5511151231257827E-017
         957  0.50000000000000000        5.5511151231257827E-017
         958  0.50000000000000000        5.5511151231257827E-017
         959  0.50000000000000000        5.5511151231257827E-017
         960  0.50000000000000000        5.5511151231257827E-017
         961  0.50000000000000000        5.5511151231257827E-017
         962  0.50000000000000000        5.5511151231257827E-017
         963  0.50000000000000000        5.5511151231257827E-017
         964  0.50000000000000000        5.5511151231257827E-017
         965  0.50000000000000000        5.5511151231257827E-017
         966  0.50000000000000000        5.5511151231257827E-017
         967  0.50000000000000000        5.5511151231257827E-017
         968  0.50000000000000000        5.5511151231257827E-017
         969  0.50000000000000000        5.5511151231257827E-017
         970  0.50000000000000000        5.5511151231257827E-017
         971  0.50000000000000000        5.5511151231257827E-017
         972  0.50000000000000000        5.5511151231257827E-017
         973  0.50000000000000000        5.5511151231257827E-017
         974  0.50000000000000000        5.5511151231257827E-017
         975  0.50000000000000000        5.5511151231257827E-017
         976  0.50000000000000000        5.5511151231257827E-017
         977  0.50000000000000000        5.5511151231257827E-017
         978  0.50000000000000000        5.5511151231257827E-017
         979  0.50000000000000000        5.5511151231257827E-017
         980  0.50000000000000000        5.5511151231257827E-017
         981  0.50000000000000000        5.5511151231257827E-017
         982  0.50000000000000000        5.5511151231257827E-017
         983  0.50000000000000000        5.5511151231257827E-017
         984  0.50000000000000000        5.5511151231257827E-017
         985  0.50000000000000000        5.5511151231257827E-017
         986  0.50000000000000000        5.5511151231257827E-017
         987  0.50000000000000000        5.5511151231257827E-017
         988  0.50000000000000000        5.5511151231257827E-017
         989  0.50000000000000000        5.5511151231257827E-017
         990  0.50000000000000000        5.5511151231257827E-017
         991  0.50000000000000000        5.5511151231257827E-017
         992  0.50000000000000000        5.5511151231257827E-017
         993  0.50000000000000000        5.5511151231257827E-017
         994  0.50000000000000000        5.5511151231257827E-017
         995  0.50000000000000000        5.5511151231257827E-017
         996  0.50000000000000000        5.5511151231257827E-017
         997  0.50000000000000000        5.5511151231257827E-017
         998  0.50000000000000000        5.5511151231257827E-017
         999  0.50000000000000000        5.5511151231257827E-017
        1000  0.50000000000000000        5.5511151231257827E-017
