           1  0.10000000000000001        9.9999999999961231E-006
           2  0.34200000000000003        3.0399619999954552E-005
           3  0.85513679999999992        3.6500351975776724E-005
           4  0.47073584248588818        9.8520960964243454E-005
           5  0.94674571452295908        2.1948694435947047E-005
           6  0.19158941291040882        7.4519856725935307E-005
           7  0.58855505713000400        1.7464751480200658E-004
           8  0.92020040705546646        1.1765690361353887E-004
           9  0.27904014805959709        3.7568743485533185E-004
          10  0.76447162655580581        6.3035364787422665E-004
          11  0.68420808323832027        1.2685108883873086E-003
          12  0.82105605186472352        1.7697770352862463E-003
          13  0.55830744393193665        4.3302039908545975E-003
          14  0.93708091953207129        1.8476192276314363E-003
          15  0.22404902516779629        6.1504212911621670E-003
          16  0.66063402605879462        1.3042577298853053E-002
          17  0.85194749675414139        1.5276207407036391E-002
          18  0.47930524620827580        4.1747592020129398E-002
          19  0.94837256322889962        1.3188940120750670E-002
          20  0.18605576926547635        4.4282044612689003E-002
          21  0.57546827595633110        9.8204484472442344E-002
          22  0.92835724943188036        9.2973714748690872E-002
          23  0.25273825406478456       0.26982970765617276     
          24  0.71767419018886203       0.23039042080543126     
          25  0.76994819831736794       0.58284340169414395     
          26  0.67308628685578653        9.5119238381323856E-002
          27  0.83615632174941024        9.0744007788876702E-002
          28  0.52059592392204657       0.26312271108965890     
          29  0.94838807008762960       0.22190119156423815     
          30  0.18600292669174565       0.56907110996383037     
          31  0.57534218422463279       0.12741931190744060     
          32  0.92842951004979357       0.13465596244191747     
          33  0.25250298869027654       0.36954600166807861     
          34  0.71723187169246749       0.17616349532705589     
          35  0.77067919289975184       0.40876686911096877     
          36  0.67158454321832795       0.20595627276029915     
          37  0.83812322920851945       0.42976408658178822     
          38  0.51555619110449147       0.40253123128309887     
          39  0.94908041868961801       0.66330937117267563     
          40  0.18364175468831806       0.59196087780012685     
          41  0.56968635036859194        9.1677767700076740E-002
          42  0.93154648777476223        8.0492326455063434E-002
          43  0.24231698977921454       0.23937471833725241     
          44  0.69767797172550727       0.25104829277806073     
          45  0.80150899407906029       0.61665898380929940     
          46  0.60455084065984610        3.1965001562331397E-002
          47  0.90846266252581387        2.1516262131722974E-002
          48  0.31600136262482770        6.8552490093504337E-002
          49  0.82134910548750339       0.11372097903316247     
          50  0.55759205912904941       0.22859207307017948     
          51  0.93739598795604895       0.29862114654202676     
          52  0.22300204893581715       0.65381581594813221     
          53  0.65843411340372937       0.24800258592738283     
          54  0.85461480049790206        6.4899656675259987E-002
          55  0.47214370441776582       0.19091474757147853     
          56  0.94705130182645358       0.17892222525219548     
          57  0.19055150743403776       0.48625432608861757     
          58  0.58611819570488366       0.24509265377808087     
          59  0.92181789420043436       0.38868027609829692     
          60  0.27386472370278236       0.67196248970998185     
          61  0.75567877989312793       0.56097401592681151     
          62  0.70158777374697334       0.10576746209745114     
          63  0.79557700400780851       0.11953317391866758     
          64  0.61801009186671818       0.32281263917569059     
          65  0.89707974922691314       0.10646726608703994     
          66  0.35084515646478870       0.27822350517966349     
          67  0.86546076406994921        2.1236102139028490E-002
          68  0.44246603371655391        6.0697005792761105E-002
          69  0.93742140235004201        4.0539940830764620E-002
          70  0.22291756371126611       0.12852583719755875     
          71  0.65825622930113892       0.20788133079142368     
          72  0.85482887037206423       0.41424437943209685     
          73  0.47156659645184240       0.46501863322407866     
          74  0.94692785793813694       0.72123317646860863     
          75  0.19097086123554824       0.47310418922285830     
          76  0.58710376729910463       0.26059786840576638     
          77  0.92116914814475304       0.43057557253775580     
          78  0.27594288487388768       0.67372088801063934     
          79  0.75923395481318345       0.57758448766322412     
          80  0.69463147535328218       0.12975031006372062     
          81  0.80605063744685790       0.12795301323768282     
          82  0.59406542780981342       0.35983026927834705     
          83  0.91637644210563574       0.23477405575665600     
          84  0.29119650214591825       0.53348167628903420     
          85  0.78432417727882187       0.23490467157580919     
          86  0.64280709641594003       0.29791221091712561     
          87  0.87250330621034389       0.66059063606366508     
          88  0.42271689007697855       0.21190473335935944     
          89  0.92730381949837948        4.6171149185593174E-002
          90  0.25616349419996604       0.14184047875696471     
          91  0.72406628206907397       0.18640159770715814     
          92  0.75921834471102034       0.44945708995740263     
          93  0.69466222910805875       0.11781280615885303     
          94  0.80600514292299030       0.22703960405020984     
          95  0.59417123951778494       0.33213364643023446     
          96  0.91630075506119912       0.65689700703718368     
          97  0.29143598907480689       0.43859509635860555     
          98  0.78470400271782448        3.5778343727385309E-002
          99  0.64198579717850623        7.2551064746960936E-002
         100  0.87339212691841961        9.8291174392762137E-002
         101  0.42019761431028751       0.24221635618372112     
         102  0.92580000110527538        7.6037532789464457E-002
         103  0.26103856442324042       0.22409305545575875     
         104  0.73301024276695781       0.21614969606883616     
         105  0.74368366170959688       0.56031333419849871     
         106  0.72434943746005043       0.15531596556168159     
         107  0.75873585366316387       0.17315478941593310     
         108  0.69561188051093659       0.45442408531218514     
         109  0.80459677037130517       0.10913504831682219     
         110  0.59743906842160743       0.20738084938207746     
         111  0.91392138619149133       0.31699907889290313     
         112  0.29894252700259433       0.61536052511949424     
         113  0.79638839169721043       0.49864706388838681     
         114  0.61618490081513566       0.17836253137402081     
         115  0.89870406152579296       0.27838518280085078     
         116  0.34593327102677940       0.54905552517823664     
         117  0.85980108348927031       0.50266245017372357     
         118  0.45806408521579911       0.41438030843859153     
         119  0.94331724039460652       0.52043358058003597     
         120  0.20318533260186047       0.72421633368847893     
         121  0.61522400222586082       0.35937830274734361     
         122  0.89954903138200837       0.17607205674191961     
         123  0.34337017178245577       0.41685038707925404     
         124  0.85677496826766186       0.16409097743400414     
         125  0.46630416366691374       0.34261277910346288     
         126  0.94568544433249269       0.35831821894875804     
         127  0.19518504189856453       0.72580943623067673     
         128  0.59693379700695648       0.32043192934514292     
         129  0.91429458819169374       0.15410996579459235     
         130  0.29776797794128462       0.39498707867741090     
         131  0.79458839516536439        1.4224459796744804E-002
         132  0.62022717424880136        3.2615615930226438E-002
         133  0.89507262097416374        2.5759395452001899E-002
         134  0.35688697179509810        7.9865398782485775E-002
         135  0.87217091240048716       0.11110455222721238     
         136  0.42365748545935783       0.26735106576697848     
         137  0.92785291779972512       0.11649313103774417     
         138  0.25437914677499429       0.32723016933763394     
         139  0.72074750655187669       0.20394418763791400     
         140  0.76482804573429075       0.50020757916671066     
         141  0.68349120353171433        5.5975402384603745E-002
         142  0.82205771726063537        8.9965887587143967E-002
         143  0.55585954166090079       0.18944731221458122     
         144  0.93814290410064949       0.21680962382214042     
         145  0.22051702322774644       0.54332697712864231     
         146  0.65317920963917586        3.2288895569388298E-002
         147  0.86083729299040612        4.1551281579095267E-002
         148  0.45522650235195206       0.10738798073286182     
         149  0.94238226885176890        7.2804481212869199E-003
         150  0.20633212718113278        2.4276214087541409E-002
         151  0.62228488580135810        5.1942024181384494E-002
         152  0.89317634547728542        5.8525406893397247E-002
         153  0.36256697315707992       0.16186627420162630     
         154  0.87822621990461414        6.9505242504717235E-002
         155  0.40639072099133255       0.21815187822988691     
         156  0.91670175095721429       0.33604282377556016     
         157  0.29016667284692865       0.63511104952350883     
         158  0.78268590430031404       0.51995824064974427     
         159  0.64633698213767199        8.9730003794802782E-002
         160  0.86862485310358695       0.13038981612311129     
         161  0.43363972716256399       0.30068772802609928     
         162  0.93326599391797582       0.19192154768771685     
         163  0.23666619835422043       0.49199466308625617     
         164  0.68649017386096856        6.4823825831168191E-002
         165  0.81784137720256167       0.10784453767934710     
         166  0.56611206396431990       0.21631298011867295     
         167  0.93339094099383502       0.28649378198990072     
         168  0.23625471060501718       0.63174594316595956     
         169  0.68566600482343565       0.25027903329172774     
         170  0.81900691168103512       0.11512868321715641     
         171  0.56329144313896740       0.32949155921787276     
         172  0.93477793425647016       0.25405544109807643     
         173  0.23167896195797077       0.59421068381516362     
         174  0.67641451806738195       0.12998995071151020     
         175  0.83173608769720275       0.11007399857691369     
         176  0.53181443885354440       0.32355981772100484     
         177  0.94615379762564955       0.31959218876961815     
         178  0.19359779768400159       0.69553440713833559     
         179  0.59324722358044268       0.21865794033403735     
         180  0.91695883011924784        2.6724652050519215E-002
         181  0.28935226914523526        8.1973418669455178E-002
         182  0.78138462724580660       0.10569847401201582     
         183  0.64912622788900620       0.26849287155062590     
         184  0.86549319899126542        3.0362897656382115E-002
         185  0.44237594166629879        8.7843728828123135E-002
         186  0.93738197802438594        6.7793311011065560E-002
         187  0.22304862013800716       0.20788740528019736     
         188  0.65853214613164490       0.27334249004522249     
         189  0.85449672284300016       0.61325638806002614     
         190  0.47246187927557787       0.22310317622015813     
         191  0.94711827724647502       0.14245190278446618     
         192  0.19032393537814835       0.40695398565611668     
         193  0.58558279300122651       0.32845783009992846     
         194  0.92216722506001503       0.62359984785638711     
         195  0.27274436952348113       0.52307024467534169     
         196  0.75374853798353569       0.13627242468320966     
         197  0.70532438199062897       0.19223319666399707     
         198  0.78979921300863187       0.44039692072240272     
         199  0.63086238133039485       0.23295487430876405     
         200  0.88492514117964560       0.43790452408272018     
         201  0.38696401561375360       0.55237008733764215     
         202  0.90144689168856251       0.68490181694977137     
         203  0.33759349398364791       0.30708906632796951     
         204  0.84977168185353025        2.0682753764835415E-002
         205  0.48510712817874069        5.6605785882163639E-002
         206  0.94915716900187896        1.8582989604765898E-002
         207  0.18337978263002663        6.2122546308683579E-002
         208  0.56905622421984514       0.13482133039279720     
         209  0.93187870400669415       0.13982972165105179     
         210  0.24122698309689339       0.38466110614223470     
         211  0.69553879774688498       0.19423952040645598     
         212  0.80470539858767054       0.43202852033696953     
         213  0.59718755627180953       0.29120996986664038     
         214  0.91410739984247258       0.53734742542225056     
         215  0.29835723330368485       0.59392797185767865     
         216  0.79549273962841061       0.43026593194468443     
         217  0.61819935514220603       0.26277815406274052     
         218  0.89690986728707323       0.49845654486309277     
         219  0.35135771755060008       0.55945771708783321     
         220  0.86604079309928472       0.55736421418051119     
         221  0.44085372359153718       0.37004860088241043     
         222  0.93670652835065205       0.35401549873120652     
         223  0.22529215076450032       0.69872418499330835     
         224  0.66323527075994271       0.39643671211996173     
         225  0.84874613624372708       0.10540120280281062     
         226  0.48782930332927266       0.23714702147154387     
         227  0.94943712174168671       0.19177163928104024     
         228  0.18242383968208345       0.51528845708154125     
         229  0.56675245311137001       0.23470496818074904     
         230  0.93306761801373450       0.32839861005169235     
         231  0.23731926526605854       0.67104945006846095     
         232  0.68779556007861931       0.37150258920168933     
         233  0.81598474493607920        5.7718193768676596E-003
         234  0.57058383567718762        1.3987525055379368E-002
         235  0.93106810413616392        6.7599548350352201E-003
         236  0.24388510046652265        2.2320055511976411E-002
         237  0.70073960130043578        4.5338493226858456E-002
         238  0.79687372738501983        6.1358155931096614E-002
         239  0.61509076195639467       0.15274507440839896     
         240  0.89966564274672656        4.4946537717587498E-002
         241  0.34301602122981456       0.14419998709529530     
         242  0.85635291555603144       0.25105768447497601     
         243  0.46744787838392055       0.44042119600011054     
         244  0.94597336563750944       0.62813065662527734     
         245  0.19420947713941875       0.62970166395257232     
         246  0.59467019328887893        4.3360217118238675E-002
         247  0.91594270711005588        2.4052981002343876E-002
         248  0.29256832472744143        7.8233905845957241E-002
         249  0.78649398035575535       0.14659231245171689     
         250  0.63810055703568103       0.23752403157145785     
         251  0.87752729735645152       0.46368385730832440     
         252  0.40839793105278699       0.51339484822079851     
         253  0.91811443166544204       0.64416919652531734     
         254  0.28568522372572069       0.47013190075403588     
         255  0.77546287134792125        7.4143995820868058E-002
         256  0.66165678473328260       0.13433191462150429     
         257  0.85069491900884908       0.23361029756265517     
         258  0.48264968036923178       0.41525684702981386     
         259  0.94885607235309866       0.60050856963081500     
         260  0.18440725998464949       0.67819851627919303     
         261  0.57152464530849278       0.12115985143212726     
         262  0.93056005543127818        1.0078060558366242E-002
         263  0.24554854693465569        3.3363954133688339E-002
         264  0.70396694052515252        6.8750233285503448E-002
         265  0.79191045125667370        8.8612028659740938E-002
         266  0.62619549609907543       0.22642545544168052     
         267  0.88948384770437128        2.2341182246311542E-002
         268  0.37354886303411283        6.8028313150859887E-002
         269  0.88923841784813085        8.2962992615437714E-002
         270  0.37427512547011876       0.21926725734430663     
         271  0.88993437251289331        2.6814953433224820E-002
         272  0.37221450350530932        8.2198506076175792E-002
         273  0.88794929416530055       0.10550376324089084     
         274  0.37808231159525135       0.26877087223589630     
         275  0.89351709356536191        2.5467352450472380E-002
         276  0.36154832887310673        7.3701345774891847E-002
         277  0.87715831209624817        5.6909790297629548E-002
         278  0.40945610894349443       0.17543355550361772     
         279  0.91884685441092095       0.23767406230976540     
         280  0.28335578769029179       0.54191460603833974     
         281  0.77164808403628293       0.22369123437452310     
         282  0.66958781006978296       0.27167272409819065     
         283  0.84071190376779381       0.63061316802177436     
         284  0.50887851479751733       0.12175906174146878     
         285  0.94970045350496290        6.4551923840084791E-002
         286  0.18152410804623664       0.20478621032229688     
         287  0.56457780372816846       0.33630589017586765     
         288  0.93415288760945547       0.59484228455440613     
         289  0.23374282668541177       0.61813706061056684     
         290  0.68060704710239617       0.20112097641943255     
         291  0.82604815924042074       0.12235271983468676     
         292  0.54603187185254620       0.36007259560279714     
         293  0.94194805374025292       0.36671004319986222     
         294  0.20779128762176954       0.72069783110394181     
         295  0.62553345995897502       0.37322457445105484     
         296  0.89011713163676798       0.17325050679041665     
         297  0.37167276969330243       0.39960892501215473     
         298  0.88742206345488472       0.21707834340749121     
         299  0.37963575004376521       0.46009971470981254     
         300  0.89494729986339738       0.38354400670644939     
         301  0.35726319525632433       0.59224267138334707     
         302  0.87257957737195002       0.69039056911718188     
         303  0.42250094239628860       0.14368451700217771     
         304  0.92717680506803901        6.1772377959740110E-003
         305  0.25657591340507785        2.0199673978100241E-002
         306  0.72482991344862580        3.8920364575542377E-002
         307  0.75791573807099710        6.0747292552667864E-002
         308  0.69722199381011263       0.13309727673789618     
         309  0.80219324359874278       0.13218123491080835     
         310  0.60298112538842941       0.36996963819411854     
         311  0.90970057369218371       0.23057546437891951     
         312  0.31215267168192307       0.51592127012941924     
         313  0.81591084872629027       0.27491439164969200     
         314  0.57076127549673272       0.37285202843050047     
         315  0.93097279918228681       0.72878530018298271     
         316  0.24419729618694025       0.36877201795435949     
         317  0.70134691154332640       0.20015723789396200     
         318  0.79594580060546272       0.45852701226383230     
         319  0.61718111579516843       0.23237481274447802     
         320  0.89782062718379740       0.41214014645721220     
         321  0.34860724463094228       0.60061357056661524     
         322  0.86290488776270557       0.67974238282838639     
         323  0.44954016126416468       0.11899304527375293     
         324  0.94032445776406315        8.1722992778648917E-003
         325  0.21323461320017831        2.7094532079556866E-002
         326  0.63750932914748482        5.6260650246134247E-002
         327  0.87814650071015299        7.0824359384126456E-002
         328  0.40661985120253180       0.18448193431045407     
         329  0.91686456168013819        1.5972040899762119E-003
         330  0.28965096141785979        5.0699091813397601E-003
         331  0.78186247147676335        8.2026990877579475E-003
         332  0.64810347925744083        1.7315770851350609E-002
         333  0.86664836584099492        2.0629773405903551E-002
         334  0.43916210813928619        5.5868199879818725E-002
         335  0.93593525347298734        1.3970894741149653E-002
         336  0.22784972816188065        4.7028788525228460E-002
         337  0.66855007224606344       0.10567610802889604     
         338  0.84204531795421778        9.2932767615531930E-002
         339  0.50541900176927268       0.27440155448778580     
         340  0.94988841079533359       0.27482454272981072     
         341  0.18088158776178684       0.65265845221037444     
         342  0.56302106808813501        3.5767109493732741E-002
         343  0.93490771091271629        1.2269731702835185E-002
         344  0.23125007535691250        4.1127203056814887E-002
         345  0.67553921641647230        9.0429786648330457E-002
         346  0.83290673729958542        8.9567525565673156E-002
         347  0.52885779619007034       0.25709890676753605     
         348  0.94683546487639902       0.19479268219541168     
         349  0.19128465584903101       0.51731819980498239     
         350  0.58784037788584531       0.19680204684351987     
         351  0.92067945844891308       0.27856043628099991     
         352  0.27750941430869097       0.59573888313584655     
         353  0.76189216925920555       0.34128647713114035     
         354  0.68936746838668894       0.23667939834794949     
         355  0.81373185528390213       0.55349239937063266     
         356  0.57597482732445859       0.15558172237263435     
         357  0.92806573732947106       0.18181579301843576     
         358  0.25368695319338991       0.46588471352849575     
         359  0.71945355529680988        4.7341920760488154E-002
         360  0.76699252085684211        8.7475859826475211E-002
         361  0.67911697646473324       0.14842334350279840     
         362  0.82808501322010242       0.28575912579694784     
         363  0.54096885158138786       0.40222352158321351     
         364  0.94362190216038833       0.74001592475921918     
         365  0.20215851010967562       0.41401370668752263     
         366  0.61290369821966473       0.28581156274914932     
         367  0.90156046872762696       0.55566113417945906     
         368  0.33724692182994442       0.52251442081780508     
         369  0.84934345507545272       0.39117070499755618     
         370  0.48624477150459156       0.45710705691843334     
         371  0.94928101601834858       0.74621222232929796     
         372  0.18295696085297755       0.43200410227817532     
         373  0.56803810304799440       0.33174092201427485     
         374  0.93240910282779588       0.58973752457080231     
         375  0.23948499760831046       0.61645651969673743     
         376  0.69210134740966034       0.22353992962705516     
         377  0.80976887482889326       0.13647526425411505     
         378  0.58536432791151749       0.39207288824207154     
         379  0.92230913977681672       0.32977567550097286     
         380  0.27228896375166728       0.64517375660695508     
         381  0.75296119908869985       0.46520666606774075     
         382  0.70684040067130716        7.1976673966718474E-002
         383  0.78742478487050582       0.13283283708739002     
         384  0.63607057356014507       0.22311447922621996     
         385  0.87964223624184990       0.41989506439339652     
         386  0.40231273535289225       0.54153016198515558     
         387  0.91373735363791053       0.71232412020415548     
         388  0.29952132837785450       0.31169325438190165     
         389  0.79727154845355575       0.10572745455642296     
         390  0.61419258062409587       0.28134372704683580     
         391  0.90044820721555563        5.6618329067213313E-002
         392  0.34063668668382019       0.16013116990766485     
         393  0.85349267060177858        9.6505088903990122E-002
         394  0.47516314095712536       0.29465547848592966     
         395  0.94765589564496067       0.38554223985551439     
         396  0.18849595655837073       0.74684323974661593     
         397  0.58126787749415909       0.35144469768415154     
         398  0.92490302193285845       0.25228597577116529     
         399  0.26393820341883428       0.57283454700393088     
         400  0.73824434714051490       0.21922471176430824     
         401  0.73431059801124132       0.21431476517535208     
         402  0.74137446590653489       0.55618038858488572     
         403  0.72860579539167314       0.15519631741447071     
         404  0.75140968319069368       0.17811230127314193     
         405  0.70981405055222913       0.46087276407568456     
         406  0.78271664392529328        7.2232458942292799E-002
         407  0.64627093714095185       0.13537541277280796     
         408  0.86869828920204939       0.22013202159707668     
         409  0.43343397185003141       0.43269267184369353     
         410  0.93316206280608283       0.49254719585132373     
         411  0.23700838391320078       0.69959055878495546     
         412  0.68717455749860368       0.46152537720616582     
         413  0.81686960309576717       0.15288941773776998     
         414  0.56845588760893762       0.27936400786889848     
         415  0.93219240751635546       0.44191139033916421     
         416  0.24019694696382282       0.70944411025315901     
         417  0.69350901980570900       0.51178192507948839     
         418  0.80770618516456816       0.24263722564393408     
         419  0.59020423372358022       0.34370668220264777     
         420  0.91908014562969842       0.68453914087746315     
         421  0.28261295984816492       0.39960682315161444     
         422  0.77042292414129288        5.3401688456057639E-002
         423  0.67211147997571563       0.12058852292624733     
         424  0.83743502615016152       0.10247743645797736     
         425  0.51732289188275127       0.30271019596298854     
         426  0.94885968618391026       0.30835415683861644     
         427  0.18439493205175009       0.69058621359716521     
         428  0.57149507612444617       0.15581634257470361     
         429  0.93057612554184665        7.5944142497927913E-003
         430  0.24549596043081326        2.4632632836479956E-002
         431  0.70386523660327016        4.5339481590290442E-002
         432  0.79206806815783204        7.8059436123573467E-002
         433  0.62584572553769757       0.15011543503863856     
         434  0.88981884278278378       0.22920617894000961     
         435  0.37255682528366696       0.47941674912697951     
         436  0.88828130142924433       0.40904581034619053     
         437  0.37710299764956673       0.57125857599429786     
         438  0.89260604189045478       0.70651282462798448     
         439  0.36426988431021973       0.21128773634499881     
         440  0.87999387564038778        4.8312099011116216E-002
         441  0.40129768700803053       0.14839251711229473     
         442  0.91297984295813417       0.19499209220230396     
         443  0.30190106737904437       0.46752802659852893     
         444  0.80087588899886475       0.12672562838885371     
         445  0.60600005779274269       0.22875235177922515     
         446  0.90730315344215373       0.38312802115626010     
         447  0.31959573654509399       0.62818340277495222     
         448  0.82632634656371284       0.63824974548247804     
         449  0.54534223904584245        3.4932175140624078E-002
         450  0.94218750916157679        1.6674639138902325E-002
         451  0.20698678561762568        5.4980644673627177E-002
         452  0.62374437354977308       0.11094951033005840     
         453  0.89181185405614205       0.15112048675242140     
         454  0.36663718988013605       0.36321993980063261     
         455  0.88241457133234569       0.13318491157965617     
         456  0.39428456340425350       0.31967682805406922     
         457  0.90753213656840859       0.13149414930057879     
         458  0.31888671912315425       0.34156479330032241     
         459  0.82535232206209408        2.6817864149777826E-002
         460  0.54775429280945298        6.9044885024170277E-002
         461  0.94133420456942229        6.9432960265348731E-003
         462  0.20985165553288618        2.3471982187008023E-002
         463  0.63009296517137359        5.3852260475798386E-002
         464  0.88568811756909516        4.2223831231488762E-002
         465  0.38472976867082975       0.13054258519082124     
         466  0.89950854032341432       0.17911951523228009     
         467  0.34349311959288836       0.42193585536075334     
         468  0.85692126626388943       0.17464092109466500     
         469  0.46590739681661064       0.35783333109034521     
         470  0.94558323875108385       0.39385386259284128     
         471  0.19553119390755949       0.74430027833310086     
         472  0.59773523524324668       0.38285178634211636     
         473  0.91370173040939950       0.27260923170935414     
         474  0.29963333737382042       0.57471970850637466     
         475  0.79744216193057749       0.37997493317773956     
         476  0.61380700916304365       0.31030868918395804     
         477  0.90078226572837905       0.63430394294896586     
         478  0.33961958681498244       0.40315739300373715     
         479  0.85225686765309139       0.12623138298670755     
         480  0.47847737692668335       0.27739004814235657     
         481  0.94823975144496697       0.24701868044851794     
         482  0.18650827585330607       0.60963003037745356     
         483  0.57654716778782600        4.0200825826725906E-002
         484  0.92773401819391710        2.9528375443406252E-002
         485  0.25476571678280602        9.2676894327473558E-002
         486  0.72146855607280658       0.14009116768876573     
         487  0.76361637894989931       0.31037302756676832     
         488  0.68592433804750363       0.25576816203094721     
         489  0.81864213398207086       0.60999273955916966     
         490  0.56417532371513757        6.3261009878322172E-002
         491  0.93434980573901782        4.6061878394043410E-002
         492  0.23309293576701440       0.14399050904993227     
         493  0.67929035243760971       0.21329742531772955     
         494  0.82784888418663127       0.46352450450955879     
         495  0.54155741472280716       0.33849266426715030     
         496  0.94343732886991494       0.54230196652295204     
         497  0.20278067438591663       0.71007730261667135     
         498  0.61431055542973600       0.31202705029347994     
         499  0.90034576828591195        9.8894655182490410E-002
         500  0.34094841009913901       0.26373505025395194     
         501  0.85386984865003168        5.4487369238279126E-002
         502  0.47414929482233392       0.15782064094796305     
         503  0.94746061595890596       0.12565423683178845     
         504  0.18916018922957059       0.36731429731218623     
         505  0.58283872575277385       0.35504167725263680     
         506  0.92392343295949553       0.70253257283698267     
         507  0.26709790735377714       0.38793449191778462     
         508  0.74387513791583881       0.11479169175335280     
         509  0.72399468500481623       0.26283388488362208     
         510  0.75934024814045398       0.18492751476008773     
         511  0.69442201563890149       0.49444262721897891     
         512  0.80636030337264553       0.19840729938960355     
         513  0.59334478516619826       0.31237058077174362     
         514  0.91688965411264989       0.59238849511365066     
         515  0.28957146191657351       0.54338913395118715     
         516  0.78173535536827343       0.25301383729060745     
         517  0.64837572023494816       0.29848956248244618     
         518  0.86634165345008951       0.67515826086285724     
         519  0.44001641320032714       0.14758633814673305     
         520  0.93632748339565519        1.5489603161239707E-002
         521  0.22654964348773413        5.0453175039520209E-002
         522  0.66585462958859576        9.5179947221207262E-002
         523  0.84547051900731285       0.15439891011035012     
         524  0.49647045788790795       0.31479777515149127     
         525  0.94995266086341990       0.36812672988140493     
         526  0.18066189133132732       0.74389527334059347     
         527  0.56248805493727694       0.29743344201946653     
         528  0.93516192336259218       0.19491939602515196     
         529  0.23040958173040388       0.50026782489196941     
         530  0.67381982423345188        7.3974325247658013E-002
         531  0.83518934107311715       0.11851671503797045     
         532  0.52306280139768424       0.24853849648504300     
         533  0.94797880732842565       0.27829441437243696     
         534  0.18739695510148488       0.65319043068971394     
         535  0.57866147801667234        6.9460593984987495E-002
         536  0.92648701312968373        2.3191293055851103E-002
         537  0.25881354500053971        7.7213745405327855E-002
         538  0.72895055691421451       0.16418956986188971     
         539  0.75081024145694986       0.18325261385588276     
         540  0.71095804656516481       0.47691818354201526     
         541  0.78088746983975710        9.9679688790588306E-002
         542  0.65018847129067425       0.17503374104082448     
         543  0.86428500774720707       0.31620905984362602     
         544  0.44572644589634569       0.49549062638970853     
         545  0.93880664903483924       0.72856216756621262     
         546  0.21830515409869861       0.41265345592763819     
         547  0.64846245241203981       0.23636694893584553     
         548  0.86624382085045071       0.47899975978918363     
         549  0.44028876201767925       0.46139841127169073     
         550  0.93645135862275086       0.59959118232652742     
         551  0.22613880391414867       0.62272570818907391     
         552  0.66500017205802220       0.17748467371709636     
         553  0.84654478423912760       0.10286293719050588     
         554  0.49364550756329462       0.31112124786947981     
         555  0.94984655761831305       0.38285177121356229     
         556  0.18102468347602427       0.75191977118338660     
         557  0.56336804030403209       0.32564346342130396     
         558  0.93474106757850084       0.24613697834960802     
         559  0.23180077581068037       0.58302751478865100     
         560  0.67666286934813880       0.10330690908258755     
         561  0.83140287625599330        9.8148955499378410E-002
         562  0.53265410771516819       0.28381025713986985     
         563  0.94594809514743949       0.23564985844404318     
         564  0.19429512645060695       0.58764854977927372     
         565  0.59486921509496848        5.3060285954156239E-002
         566  0.91579936170360554        4.8955283370048952E-002
         567  0.29302138506612196       0.14559521926197094     
         568  0.78720744124820308       0.14847445794778402     
         569  0.63654516562830787       0.40785629131899248     
         570  0.87915058742544427       0.20886754973492083     
         571  0.40373036180877403       0.43608364907579950     
         572  0.91478219569761576       0.40358173127276775     
         573  0.29623177450260613       0.65329151396473129     
         574  0.79221833905504413       0.61008884917810224     
         575  0.62551208081566279        5.9470393398057153E-002
         576  0.89013752676342550        4.3288756224108438E-002
         577  0.37161229880148633       0.13547400138216778     
         578  0.88736307308765250       0.20193046582500129     
         579  0.37980942851074195       0.43952661451160435     
         580  0.89510606079532506       0.33261299261337041     
         581  0.35678656274664339       0.57837297968433776     
         582  0.87206166328229984       0.64164420728351501     
         583  0.42396645111931247       0.24986950636605249     
         584  0.92803181788951083        9.2863790325954598E-002
         585  0.25379729892196240       0.26931979561482738     
         586  0.71966007393113818       0.22830920584153480     
         587  0.76664791729815418       0.57921852465433410     
         588  0.67981577516211555       0.10107723657755818     
         589  0.82713189061082049        9.9309031047138507E-002
         590  0.54334195935248264       0.28437902607754284     
         591  0.94286160332605329       0.21363729996065361     
         592  0.20471968113801420       0.54561395009924518     
         593  0.61867622651250320        9.3189451159454539E-002
         594  0.89648062239086146       0.11705147081737355     
         595  0.35265184106050945       0.30064168609298919     
         596  0.86749637621714193        6.7922169923516629E-003
         597  0.43679637117562170        1.8795164992539470E-002
         598  0.93482014495303467        7.6858307393310454E-003
         599  0.23153947786348328        2.5623324252603025E-002
         600  0.67613000260591749        5.4774175692591132E-002
         601  0.83211724429174994        6.1919256150144486E-002
         602  0.53085291696740555       0.17085901895328681     
         603  0.94638277055548903        7.0869263209956790E-002
         604  0.19282120417458143       0.22133929786943479     
         605  0.59143651210193415       0.33056349414259156     
         606  0.91822958416760481       0.64494880419504785     
         607  0.28531925672257102       0.46935464530399090     
         608  0.77486627817023224        7.1329704389284765E-002
         609  0.66290441067440919       0.12967246923293996     
         610  0.84915618133472903       0.22444085782874279     
         611  0.48674185193584929       0.40415328277878004     
         612  0.94933204173765429       0.57996826584321348     
         613  0.18278272181790942       0.70236715059757038     
         614  0.56761815400643534       0.18131176604874483     
         615  0.93262558394529560        3.1745286138358919E-002
         616  0.23877339564076955       0.10054755431407308     
         617  0.69069051246479507       0.16120201046623095     
         618  0.81182108813247256       0.33236880937257068     
         619  0.58051691418434692       0.36787869219264224     
         620  0.92536470081487587       0.73938745612398948     
         621  0.26244651094255028       0.31283438382012535     
         622  0.73555969137920207       0.19290489877897554     
         623  0.73914420082987331       0.48675543990365078     
         624  0.73267819459587669        1.5661232315351992E-002
         625  0.74427125948649264        2.6762565227133939E-002
         626  0.72325989679775382        5.2405366525561936E-002
         627  0.76058907023105393        7.8484101813726892E-002
         628  0.69195467860923632       0.17884301941117264     
         629  0.80998292516809423       0.13936379552558631     
         630  0.58486022719608044       0.40212763370910576     
         631  0.92263521899287260       0.35513792648777731     
         632  0.27124199233401713       0.66144564658301297     
         633  0.75114514092902251       0.51257579384108065     
         634  0.71031924911341737        2.0033996985112323E-002
         635  0.78191009111899945        3.0497695606376496E-002
         636  0.64800146199605424        6.8876237781316685E-002
         637  0.86676315553871586        5.9445800254560588E-002
         638  0.43884219340927810       0.17912767460317941     
         639  0.93578694623344494       0.20518797362926688     
         640  0.22834100247160855       0.51959063009720197     
         641  0.66956527843510372        4.6848362737600735E-002
         642  0.84074094212705774        6.8713425652444426E-002
         643  0.50880331936178735       0.16000059570469771     
         644  0.94970550595921455       0.10798560057795237     
         645  0.18150684005787401       0.32475768375376668     
         646  0.56453600686630157       0.38531486495106926     
         647  0.93417339450746006       0.75316346063188477     
         648  0.23367516130710389       0.32965712200584973     
         649  0.68047010512177086       0.25428817806162662     
         650  0.82623605639788045       0.59449216262486637     
         651  0.54556613492264405       0.13098077867071278     
         652  0.94211016392320335       0.11055165218069607     
         653  0.20724669123203340       0.32501533127412252     
         654  0.62432290078054886       0.32172191445393783     
         655  0.89126650209773717       0.69729921544849316     
         656  0.36825999247756541       0.22584712528729572     
         657  0.88404936758835784        3.2297263878406257E-002
         658  0.38952311636893311        9.8232282997074705E-002
         659  0.90362046109603722       0.11914662278756816     
         660  0.33094398886156473       0.31153962534701385     
         661  0.84139624737225271        3.1457747419578741E-002
         662  0.50710468866454583        8.5381074107008736E-002
         663  0.94980818891612351        2.3091520484284311E-002
         664  0.18115585409918838        7.6913108454052470E-002
         665  0.56368596037417140       0.16389765748158092     
         666  0.93458757411463400       0.18140592595662386     
         667  0.23230783361559848       0.47410856792117706     
         668  0.67769543541441835       0.11039518745669452     
         669  0.83001246248494509       0.19539804903275504     
         670  0.53614874349756625       0.34499130332794048     
         671  0.94503441970547919       0.54705181382324719     
         672  0.19738858805414811       0.71306272687604788     
         673  0.60202006676852404       0.29220713809464621     
         674  0.91044924271087435        9.7899506689382743E-002
         675  0.30981939280066506       0.26896872474833933     
         676  0.81255907925211057       0.11385216437360957     
         677  0.57876592351287681       0.31970680853652317     
         678  0.92642453131402169       0.19702406960273811     
         679  0.25901605255574434       0.49101057447752527     
         680  0.72932160088190001        1.6872194939308138E-002
         681  0.75016409280205765        2.8323856873573638E-002
         682  0.71218812135558918        5.6899166190829575E-002
         683  0.77890956439122583        7.9454729143355718E-002
         684  0.65439592858616724       0.19241080273221817     
         685  0.85941520949685746        8.5093294009049969E-002
         686  0.45911868729285421       0.25995236411128719     
         687  0.94364912943109414       0.33755255364186432     
         688  0.20206670982912267       0.70515865327291816     
         689  0.61269586751023208       0.29285935365387028     
         690  0.90173863749524152        7.5082388105071396E-002
         691  0.33670305514517429       0.20782058484534416     
         692  0.84866960964410398        9.3797443187475849E-002
         693  0.48803211258038698       0.28198506537795043     
         694  0.94945572474870343       0.32780741089064835     
         695  0.18236029566434739       0.71140611773052254     
         696  0.56659906927232484       0.20579662488019140     
         697  0.93314534309382835        5.6773989145207815E-002
         698  0.23706342467329294       0.17464607024885936     
         699  0.68728455795075893       0.23309363155901563     
         700  0.81671307854211739       0.53824080296107801     
         701  0.56883273834542347       0.19468403744685325     
         702  0.93199580570110774       0.24587195197214451     
         703  0.24084257065527293       0.57751749142242914     
         704  0.69478222189864458       0.12992411257789416     
         705  0.80582756692246327       0.12818745056781944     
         706  0.59458409737908779       0.36038643192603137     
         707  0.91600462438733632       0.23447797237963641     
         708  0.29237257945573464       0.53241010406559197     
         709  0.78618524610491214       0.23702365386310598     
         710  0.63877241866510925       0.30204350515824219     
         711  0.87682042010777539       0.66523139915346752     
         712  0.41042420976123872       0.22348839746920135     
         713  0.91950947565178542        3.7653303877751010E-002
         714  0.28124483938578343       0.11466144411091722     
         715  0.76815548287766366       0.14066961022355318     
         716  0.67675202061005868       0.36187625625708947     
         717  0.83128314819899329        1.1512882169803396E-002
         718  0.53295560773358264        2.8482904728177605E-002
         719  0.94587292609185880        1.0216751183211525E-002
         720  0.19454986835747851        3.4224181245592789E-002
         721  0.59546082490235186        7.4997813656522694E-002
         722  0.91537147745405756        7.5784837799568683E-002
         723  0.29437283572700673       0.21741463811204803     
         724  0.78932638338958017       0.16014562736029547     
         725  0.63190292672388149       0.44959826282451953     
         726  0.88388614810236255       0.31742138910673245     
         727  0.38999941612149763       0.54321383996278305     
         728  0.90401951187627638       0.66717966781542559     
         729  0.32971928928837035       0.35711829355074398     
         730  0.83981702232626076        2.2468495298679891E-002
         731  0.51119268708179166        5.6108980013222398E-002
         732  0.94952395027237857        1.6736104968697374E-002
         733  0.18212722889976124        5.6112558738347029E-002
         734  0.56603622529360975       0.12359382135856811     
         735  0.93342902440609199       0.12007533186065922     
         736  0.23612926704905657       0.34074669374988453     
         737  0.68541449790934117       0.24212783136536953     
         738  0.81936156306710217       0.56397284768935374     
         739  0.56243112973428178       0.16019708412043521     
         740  0.93518894535238484       0.17352956744812287     
         741  0.23032021100370020       0.45951039482436734     
         742  0.67363668334626259       0.13942781279934302     
         743  0.83543114834673693       0.25786678758496417     
         744  0.52244658993139959       0.40469173583914719     
         745  0.94808537228171597       0.69138453978156578     
         746  0.18703409675919283       0.53802686059755134     
         747  0.57779890495292974       0.17972184384700030     
         748  0.92699985547487496       0.22900421251228631     
         749  0.25715026901285643       0.54388108738490171     
         750  0.72589123100599351       0.12024676563775505     
         751  0.75609797666746803       0.15149116169335641     
         752  0.70077254011795009       0.38206238181488339     
         753  0.79682347111142715        2.8285703419076103E-002
         754  0.61520414258998235        6.6848848972822283E-002
         755  0.89956642101440665        4.1548288186546656E-002
         756  0.34331736575140409       0.13272967511048217     
         757  0.85671209807469861       0.22499814034720655     
         758  0.46647462053115707       0.41760082615993255     
         759  0.94572898593958621       0.55628199119323429     
         760  0.19503755015441901       0.70851897535725106     
         761  0.59659203589988963       0.26545193917548432     
         762  0.91454591868271484        7.2897853032839133E-002
         763  0.29697638895331507       0.20947468814993814     
         764  0.79336937075874481       0.15647248693724514     
         765  0.62295076674234884       0.44191001509679007     
         766  0.89255581403838036       0.32914882205953477     
         767  0.36441974488572526       0.57030255791341433     
         768  0.88014837880796304       0.64828560490171294     
         769  0.40085139834077427       0.27593782799367289     
         770  0.91264430819827669        8.1411144280419845E-002
         771  0.30295376466394941       0.23012768159572206     
         772  0.80245656833158097       0.14338477973921926     
         773  0.60237609223771804       0.40771922130615412     
         774  0.91017271580491022       0.31446353638826408     
         775  0.31068170419505253       0.60450935711143794     
         776  0.81380261491933958       0.51886036099681743     
         777  0.57580609170518171       0.21440892723459171     
         778  0.92816305854946513       0.29821713597867472     
         779  0.25337030211555572       0.63246311527190358     
         780  0.71886041006142531       0.33455662875838960     
         781  0.76798045944943005       0.13115420347162199     
         782  0.67710859874243501       0.33248081949382202     
         783  0.83080366815566631        2.7462329315706246E-002
         784  0.53416194591207211        7.1909140699870699E-002
         785  0.94556525351570242        9.7968623022504087E-004
         786  0.19559209846605374        3.3138603074572559E-003
         787  0.59787615203805722        7.6248856459678604E-003
         788  0.91359698367644782        5.8927656955910512E-003
         789  0.29996263335622780        1.8390995078120698E-002
         790  0.79794319739565522        2.6674266253071233E-002
         791  0.61267343427748377        6.3104125559266366E-002
         792  0.90175784939084669        3.8905108415305811E-002
         793  0.33664439572079863       0.12454299677417299     
         794  0.84859679689219247       0.21356209394845449     
         795  0.48822503814671331       0.39248435205669324     
         796  0.94947313103874398       0.55024376223713278     
         797  0.18230083700206670       0.72911122657187089     
         798  0.56645551895556789       0.25964308596139735     
         799  0.93321792320131536       0.12503938017471650     
         800  0.23682447786512906       0.35227426748328139     
         801  0.68680684928634461       0.23302652230754395     
         802  0.81739216402689385       0.53718039166168396     
         803  0.56719641401443610       0.19923749895956311     
         804  0.93284163938568176       0.25259235331970087     
         805  0.23806283781287860       0.58847590270339722     
         806  0.68927790764835906       0.14446259406859085     
         807  0.81386071996978515       0.12850731317145347     
         808  0.57566750414818280       0.36928751578012520     
         809  0.92824282950074199       0.30585113217756155     
         810  0.25311070012855397       0.63996633509157974     
         811  0.71837355971415129       0.35550987106046222     
         812  0.76878935598752596       0.10974644603171901     
         813  0.67545867200968190       0.26995821496902345     
         814  0.83301416678307560        8.3051211462731644E-002
         815  0.52858594594274078       0.23640546204708207     
         816  0.94689480603932308       0.16101282087992497     
         817  0.19108312287328805       0.44834854125973439     
         818  0.58736737949986373       0.28875610244110106     
         819  0.92099437579744181       0.50857609573354379     
         820  0.27650219507830487       0.64434968578722496     
         821  0.76018517854169876       0.48322713992830435     
         822  0.69275395689545249        6.8204720255647944E-002
         823  0.80881446598435491       0.11759230447007352     
         824  0.58760777727543123       0.22344174551863183     
         825  0.92083453397126203       0.33849139536683659     
         826  0.27701352106532467       0.64722098752881019     
         827  0.76105271480679937       0.49495740427880647     
         828  0.69103562434959953        5.1061041373815508E-002
         829  0.81132048287156300        8.4041505978263875E-002
         830  0.58170231638954395       0.17200589692732982     
         831  0.92463397968701477       0.21923183820388803     
         832  0.26480673652163811       0.52487111252011509     
         833  0.73979968949471164       0.10867006315144734     
         834  0.73148521388931154       0.15317386627197671     
         835  0.74637546385235487       0.35863337406436274     
         836  0.71933669708384051       0.18277631697652397     
         837  0.76718737058693598       0.43162789967843734     
         838  0.67872145419558949       0.16852393289441758     
         839  0.82862283887881250       0.33682440252891016     
         840  0.53962671311547405       0.41011767742856065     
         841  0.94403294970912277       0.76265901364725863     
         842  0.20077201037593945       0.36344222886536631     
         843  0.60975791885706376       0.32457290076184564     
         844  0.90422215714303156       0.67106654845219926     
         845  0.32909690116361029       0.35032056797838079     
         846  0.83901009707085306        1.1334484357458874E-002
         847  0.51327418551924098        2.8714847245785546E-002
         848  0.94933042479544294        6.0301245111042956E-003
         849  0.18278824354195780        2.0454162775739887E-002
         850  0.56763146594625413        4.7721270302926166E-002
         851  0.93261874229305053        3.3182506581707849E-002
         852  0.23879589050376068       0.10491674517909952     
         853  0.69073517009265117       0.16644701697559505     
         854  0.81175636058096423       0.34655699666461565     
         855  0.58067029222178490       0.36472758754527357     
         856  0.92527075502083689       0.72911198596460292     
         857  0.26275018271122785       0.33643574152736477     
         858  0.73610759194648800       0.17650858729866947     
         859  0.73816217909587667       0.43512020232039000     
         860  0.73445935050355349        6.8129290428916467E-002
         861  0.74110948925351705       0.13903705461468219     
         862  0.72909161392925093       0.18131701480097195     
         863  0.75056472322370593       0.44061864486134927     
         864  0.71142581400814509       0.10131631209843450     
         865  0.78013667564977429       0.20180569792809644     
         866  0.65178908323239404       0.27489509689843661     
         867  0.86244828200358348       0.60427396238447617     
         868  0.45079872291607309       0.27697857025553635     
         869  0.94080109046658045       0.18795457254800463     
         870  0.21163871484519953       0.49542211098531536     
         871  0.63402152305071302       0.15305657169355069     
         872  0.88174527916483525       0.24491784259642180     
         873  0.39622805897437557       0.48262930091366812     
         874  0.90907926017194229       0.50450427690902933     
         875  0.31408580380927009       0.60131164767749112     
         876  0.81865646428806804       0.52436562655451335     
         877  0.56414061951622341       0.22505759461039820     
         878  0.93436672752668515       0.30218203433198887     
         879  0.23303707486748215       0.65056631129560905     
         880  0.67917702709782068       0.28835294702582143     
         881  0.82800325324946988        7.6703097080454086E-002
         882  0.54117269025950365       0.21356416424949887     
         883  0.94355827639182088       0.10648979354870503     
         884  0.20237301068840471       0.31588937323218758     
         885  0.61338906588659903       0.33534357838084117     
         886  0.90114309500198497       0.71631484192073125     
         887  0.33852002586246810       0.23401369992543763     
         888  0.85091202821965961        7.9095634548974836E-002
         889  0.48207084411290624       0.23471588626393211     
         890  0.94877847240286994       0.24133063823214573     
         891  0.18467195428943670       0.60179655088249095     
         892  0.57215924963575615        6.5996773433576572E-002
         893  0.93021356222961749        5.2744491728886733E-002
         894  0.24668190532007156       0.16188307777812300     
         895  0.70615378304937704       0.21207684015045580     
         896  0.78850234739083547       0.50318639328289361     
         897  0.63371230308991522       0.14114858657986817     
         898  0.88205987600908453       0.21914420895533093     
         899  0.39531495434690722       0.45382729028112867     
         900  0.90835595662311741       0.42157712316194978     
         901  0.31633256822359085       0.63300319464674848     
         902  0.82181184311770072       0.63904182873592619     
         903  0.55646112299091577        1.1126394662793859E-002
         904  0.93788613804429777        5.2448137061417155E-003
         905  0.22137177441287073        1.7349866591849811E-002
         906  0.65499198524343771        3.5595767415350976E-002
         907  0.85871444113913231        4.6744468700537278E-002
         908  0.46103100892931193       0.11913298899800462     
         909  0.94422938739274398        1.8649200334769023E-002
         910  0.20010895523133609        6.1640761426720259E-002
         911  0.60824837281672506       0.12605147663571248     
         912  0.90547270117361878       0.16407909509667140     
         913  0.32524917669128312       0.40332150570035358     
         914  0.83395616906111736        8.2485485087235522E-002
         915  0.52619845315488512       0.18349902823160547     
         916  0.94739183599870680       0.16448936405808956     
         917  0.18939407131048369       0.45647745589509170     
         918  0.58339103683910776       0.28575065385360188     
         919  0.92357455290461443       0.49138378657300846     
         920  0.26822147290029275       0.66430577685106673     
         921  0.74585911462686294       0.50676243738126758     
         922  0.72030252386860127        2.8970590400899554E-002
         923  0.76557383231307263        4.5316114381868999E-002
         924  0.68198805044408228        9.9267774476820114E-002
         925  0.82414532808313623        9.9852624503683596E-002
         926  0.55073326387112864       0.28387546630282612     
         927  0.94021931656053326       0.19676940546840316     
         928  0.21358642264251262       0.51119571235657635     
         929  0.63827559828008906       0.11972177050386612     
         930  0.87734346389707707       0.18028150463496495     
         931  0.40892525896579007       0.39350776103896495     
         932  0.91848048787309600       0.31605026791204294     
         933  0.28452150882408311       0.62560908132309190     
         934  0.77356227539409106       0.46274925909707726     
         935  0.66562198962858843       0.14836949412140266     
         936  0.84576355489557742       0.27040803199215691     
         937  0.49570074360269745       0.43272112803552043     
         938  0.94992976229883486       0.69740190267121061     
         939  0.18074019419131307       0.53653845681884449     
         940  0.56267807030099815       0.20792388339678525     
         941  0.93507154611270382       0.26332813202392169     
         942  0.23070844909978544       0.60720750982530514     
         943  0.67443183033227705       0.15834317245807816     
         944  0.83437943895434041       0.11463695037932597     
         945  0.52512348505740603       0.34126321304032819     
         946  0.94760147989456711       0.37738992480920808     
         947  0.18868107774553503       0.74258620487794813     
         948  0.58170600885600987       0.33847359128949434     
         949  0.92463168684392216       0.22516413412111980     
         950  0.26481413600672382       0.53399410655422508     
         951  0.73981291563539764       0.12910110576037670     
         952  0.73146110887890869       0.17196189270704065     
         953  0.74641786929087461       0.41486831848361883     
         954  0.71925728803775257       0.12291560739594565     
         955  0.76731971824085399       0.26223242164488025     
         956  0.67845263931059563       0.27144901446011382     
         957  0.82898769098771330       0.64815138363706670     
         958  0.53871497687857683        2.4196264840253501E-002
         959  0.94430437214810670        9.3441046196061084E-003
         960  0.19985577458229148        3.1220574969542253E-002
         961  0.60767108700393424        6.7513179868669115E-002
         962  0.90594636068888668        7.2566564655714427E-002
         963  0.32378869852510361       0.20387136554304208     
         964  0.83200839348358802       0.11508430576824691     
         965  0.53112762129449853       0.34071677184680704     
         966  0.94631807053167594       0.36053075066253581     
         967  0.19304068368415137       0.72899335216459404     
         968  0.59194871688224571       0.31877708105841029     
         969  0.91787264716209271       0.16338685298246480     
         970  0.28645331286423159       0.41744721326667178     
         971  0.77671168717068528        1.5301699514769673E-002
         972  0.65903644029598063        3.3069348709314994E-002
         973  0.85388816050033534        3.5814548481011732E-002
         974  0.47410004545921780       0.10119921073133964     
         975  0.94745093094818456        5.8836882637091081E-002
         976  0.18919312469569130       0.18692753683430849     
         977  0.58291652780157321       0.30876832829932022     
         978  0.92387442778585749       0.55685912848121233     
         979  0.26725578398300515       0.61554147966466899     
         980  0.74415449366041064       0.35098272487376919     
         981  0.72347661625662829       0.18315675400350750     
         982  0.76022116754865321       0.43855381922329667     
         983  0.69268278704653985       0.13646758127088321     
         984  0.80891870558871548       0.27061057244999753     
         985  0.58736308668209158       0.35706036367252814     
         986  0.92099722612443402       0.72154359837983351     
         987  0.27649307526302219       0.33026006160862925     
         988  0.76016968745955205       0.14652463005908523     
         989  0.69278458816335620       0.37130560619076675     
         990  0.80876958975340341        2.0125345511933124E-002
         991  0.58771309368535685        4.8766231769478474E-002
         992  0.92076437014534640        2.3471569252894509E-002
         993  0.27723791030152167        7.7151075743064429E-002
         994  0.76143279529403485       0.15323484115366637     
         995  0.69028099547003963       0.21523317486534754     
         996  0.81241394249913679       0.48729256340176691     
         997  0.57911060842215500       0.25467576979238271     
         998  0.92621774421329051       0.39958846008328852     
         999  0.25968605116738946       0.68761929749416018     
        1000  0.73054698278661423       0.54085886756329027     
