   0.0000000000000000        0.0000000000000000        0.0000000000000000        0.0000000000000000     
   1.0000000000000000E-002  0.25599258103064942       -3.8689494555372968E-002  0.10065493179907602     
   2.0000000000000000E-002  0.51138166478370151       -7.7236720632484435E-002  0.20008960521521432     
   2.9999999999999999E-002  0.76616961593781796      -0.11564227917688148       0.29830730356460894     
   4.0000000000000001E-002   1.0203588082831816      -0.15390677106454731       0.39531130062484371     
   5.0000000000000003E-002   1.2739516238754802      -0.19203079696746805       0.49110486014778953     
   5.9999999999999998E-002   1.5269504522062785      -0.23001495722250967       0.58569123539107015     
   7.0000000000000007E-002   1.7793576893901157      -0.26785985170363580       0.67907366866798791     
   8.0000000000000002E-002   2.0311757373686223      -0.30556607969749006       0.77125539091577289     
   8.9999999999999997E-002   2.2824070031318913      -0.34313423978235830       0.86223962128199250     
  0.10000000000000001        2.5330538979573078      -0.38056492971051914       0.95202956672893269     
  0.11000000000000000        2.7831188366659840      -0.41785874629398506        1.0406284216557420     
  0.12000000000000000        3.0326042368969159      -0.45501628529362914        1.1280393675381069     
  0.13000000000000000        3.2815125183989355      -0.49203814131168766        1.2142655725852110     
  0.14000000000000001        3.5298461023404970      -0.52892490768762235        1.2993101914137117     
  0.14999999999999999        3.7776074106373030      -0.56567717639732218        1.3831763647384543     
  0.16000000000000000        4.0247988652977460      -0.60229553795561885        1.4658672190796296     
  0.17000000000000001        4.2714228877861080      -0.63878058132208682        1.5473858664860722     
  0.17999999999999999        4.5174818984034353      -0.67513289381009345        1.6277354042743803     
  0.19000000000000000        4.7629783156859862      -0.71135306099906359        1.7069189147835375     
  0.20000000000000001        5.0079145558211158      -0.74744166664991651        1.7849394651447017     
  0.20999999999999999        5.2522930320804484      -0.78339929262363328        1.8618001070658268     
  0.22000000000000000        5.4961161542701689      -0.81922651880290764        1.9375038766307715     
  0.23000000000000001        5.7393863281982380      -0.85492392301683229        2.0120537941125534     
  0.23999999999999999        5.9821059551583371      -0.89049208096857091        2.0854528638003953     
  0.25000000000000000        6.2242774314303082      -0.92593156616596195        2.1577040738402147     
  0.26000000000000001        6.4659031477968734      -0.96124294985500225        2.2288103960882069     
  0.27000000000000002        6.7069854890763763      -0.99642680095615366        2.2987747859771646     
  0.28000000000000003        6.9475268336712972       -1.0314836860034173        2.3676001823951895     
  0.28999999999999998        7.1875295531322791       -1.0664141690861173        2.4352895075764409     
  0.29999999999999999        7.4269960117373914       -1.1012188117933368        2.5018456670035749     
  0.31000000000000000        7.6659285660863512       -1.1358981731609465        2.5672715493215308     
  0.32000000000000001        7.9043295647094247       -1.1704528096211673        2.6315700262623194     
  0.33000000000000002        8.1422013476907154       -1.2048832749546070        2.6947439525804784     
  0.34000000000000002        8.3795462463055443       -1.2391901202447126        2.7567961659988551     
  0.35000000000000003        8.6163665826716418       -1.2733738938345773        2.8177294871643941     
  0.35999999999999999        8.8526646694138300       -1.3074351412860430        2.8775467196135947     
  0.37000000000000000        9.0884428093419238       -1.3413744053410401        2.9362506497473269     
  0.38000000000000000        9.3237032951415255       -1.3751922258851048        2.9938440468146852     
  0.39000000000000001        9.5584484090774389       -1.4088891399130150        3.0503296629055741     
  0.40000000000000002        9.7926804227093864       -1.4424656814964882        3.1057102329517177     
  0.41000000000000003        10.026401596619744       -1.4759223817538829        3.1599884747358007     
  0.41999999999999998        10.259614180152978       -1.5092597688218468        3.2131670889084458     
  0.42999999999999999        10.492320411166526       -1.5424783678288561        3.2652487590127426     
  0.44000000000000000        10.724522515792792       -1.5755787008705913        3.3162361515160494     
  0.45000000000000001        10.956222708211993       -1.6085612869870933        3.3661319158487943     
  0.46000000000000002        11.187423190435565       -1.6414266421416481        3.4149386844500116     
  0.47000000000000003        11.418126152099841       -1.6741752792013458        3.4626590728193487     
  0.47999999999999998        11.648333770269737       -1.7068077079192641        3.5092956795752950     
  0.48999999999999999        11.878048209252150       -1.7393244349182229        3.5548510865193830     
  0.50000000000000000        12.107271620418832       -1.7717259636760629        3.5993278587061197     
  0.51000000000000001        12.336006142038439       -1.8040127945123985        3.6427285445184188     
  0.52000000000000002        12.564253899117521       -1.8361854245767946        3.6850556757482984     
  0.53000000000000003        12.792017003250185       -1.8682443478383264        3.7263117676826281     
  0.54000000000000004        13.019297552476184       -1.9001900550764701        3.7664993191937088     
  0.55000000000000004        13.246097631147181       -1.9320230338732844        3.8056208128344724     
  0.56000000000000005        13.472419309800969       -1.9637437686068377        3.8436787149381022     
  0.57000000000000006        13.698264645043370       -1.9953527404458371        3.8806754757218731     
  0.57999999999999996        13.923635679437623       -2.0268504273454204        3.9166135293950215     
  0.58999999999999997        14.148534441401024       -2.0582373040440696        3.9514952942704582     
  0.59999999999999998        14.372962945108576       -2.0895138420616042        3.9853231728801433     
  0.60999999999999999        14.596923190403469       -2.1206805096982202        4.0180995520939504     
  0.62000000000000000        14.820417162714161       -2.1517377720345343        4.0498268032418459     
  0.63000000000000000        15.043446832977846       -2.1826860909325978        4.0805072822392257     
  0.64000000000000001        15.266014157570137       -2.2135259250378461        4.1101433297152425     
  0.65000000000000002        15.488121078240747       -2.2442577297819466        4.1387372711439774     
  0.66000000000000003        15.709769522054986       -2.2748819573865147        4.1662914169782965     
  0.67000000000000004        15.930961401340895       -2.3053990568676652        4.1928080627862601     
  0.68000000000000005        16.151698613641830       -2.3358094740413646        4.2182894893899361     
  0.69000000000000006        16.371983041674326       -2.3661136515295573        4.2427379630064816     
  0.70000000000000007        16.591816553291068       -2.3963120287670336        4.2661557353913695     
  0.70999999999999996        16.811201001448808       -2.4264050420090140        4.2885450439836257     
  0.71999999999999997        17.030138224181076       -2.4563931243394173        4.3099081120529572     
  0.72999999999999998        17.248630044575510       -2.4862767056797890        4.3302471488486534     
  0.73999999999999999        17.466678270755661       -2.5160562127988646        4.3495643497501462     
  0.75000000000000000        17.684284695867142       -2.5457320693227365        4.3678618964191136     
  0.76000000000000001        17.901451098067966       -2.5753046957456092        4.3851419569530270     
  0.77000000000000002        18.118179240522924       -2.6047745094411092        4.4014066860400343     
  0.78000000000000003        18.334470871401891       -2.6341419246741347        4.4166582251150759     
  0.79000000000000004        18.550327723881928       -2.6634073526132185        4.4308987025171449     
  0.80000000000000004        18.765751516153031       -2.6925712013433833        4.4441302336475896     
  0.81000000000000005        18.980743951427424       -2.7216338758794674        4.4563549211293738     
  0.82000000000000006        19.195306717952292       -2.7505957781799051        4.4675748549672027     
  0.83000000000000007        19.409441489025799       -2.7794573071609356        4.4777921127084364     
  0.83999999999999997        19.623149923016324       -2.8082188587112284        4.4870087596047004     
  0.84999999999999998        19.836433663384774       -2.8368808257069005        4.4952268487741245     
  0.85999999999999999        20.049294338709888       -2.8654435980269133        4.5024484213641243     
  0.87000000000000000        20.261733562716440       -2.8939075625688280        4.5086755067146589     
  0.88000000000000000        20.473752934306198       -2.9222731032649056        4.5139101225218878     
  0.89000000000000001        20.685354037591619       -2.9505406010985356        4.5181542750021624     
  0.90000000000000002        20.896538441932115       -2.9787104341209738        4.5214099590562844     
  0.91000000000000003        21.107307701972850       -3.0067829774683821        4.5236791584339642     
  0.92000000000000004        21.317663357685959       -3.0347586033791472        4.5249638458984203     
  0.93000000000000005        21.527606934414116       -3.0626376812114726        4.5252659833910585     
  0.94000000000000006        21.737139942916382       -3.0904205774612228        4.5245875221961702     
  0.95000000000000007        21.946263879416215       -3.1181076557800127        4.5229304031055975     
  0.95999999999999996        22.154980225651620       -3.1456992769935268        4.5202965565833066     
  0.96999999999999997        22.363290448927330       -3.1731957991200566        4.5166879029298217     
  0.97999999999999998        22.571196002168961       -3.2005975773892446        4.5121063524464624     
  0.98999999999999999        22.778698323979061       -3.2279049642610236        4.5065538055993395     
   1.0000000000000000        22.985798838695025       -3.2551183094447418        4.5000321531830609     
   1.0100000000000000        23.192498956448755       -3.2822379599184588        4.4925432764840982     
   1.0200000000000000        23.398800073228053       -3.3092642599484092        4.4840890474437742     
   1.0300000000000000        23.604703570939659       -3.3361975511086173        4.4746713288208229     
   1.0400000000000000        23.810210817473891       -3.3630381723006577        4.4642919743534843     
   1.0500000000000000        24.015323166770823       -3.3897864597735503        4.4529528289210916     
   1.0600000000000001        24.220041958887958       -3.4164427471437833        4.4406557287051083     
   1.0700000000000001        24.424368520069311       -3.4430073654154518        4.4274025013495830     
   1.0800000000000001        24.628304162815926       -3.4694806430005096        4.4131949661209804     
   1.0900000000000001        24.831850185957666       -3.4958629057391186        4.3980349340673550     
   1.1000000000000001        25.035007874726350       -3.5221544769200950        4.3819242081768328     
   1.1100000000000001        25.237778500830085       -3.5483556773014411        4.3648645835353630     
   1.1200000000000001        25.440163322528836       -3.5744668251309566        4.3468578474837134     
   1.1300000000000001        25.642163584711110       -3.6004882361669224        4.3279057797736771     
   1.1400000000000001        25.843780518971801       -3.6264202236988492        4.3080101527234520     
   1.1500000000000001        26.045015343691059       -3.6522630985682856        4.2871727313721770     
   1.1599999999999999        26.245869264114223       -3.6780171691896797        4.2653952736335796     
   1.1699999999999999        26.446343472432741       -3.7036827415712863        4.2426795304487239     
   1.1799999999999999        26.646439147866051       -3.7292601193361152        4.2190272459378191     
   1.1899999999999999        26.846157456744372       -3.7547496037429147        4.1944401575510684     
   1.2000000000000000        27.045499552592396       -3.7801514937071850        4.1689199962185315     
   1.2100000000000000        27.244466576213828       -3.8054660858222142        4.1424684864989771     
   1.2200000000000000        27.443059655776747       -3.8306936743801350        4.1150873467276989     
   1.2300000000000000        27.641279906899747       -3.8558345513929937        4.0867782891632718     
   1.2400000000000000        27.839128432738857       -3.8808890066138306        4.0575430201332336     
   1.2500000000000000        28.036606324075159       -3.9058573275577619        4.0273832401786587     
   1.2600000000000000        28.233714659403120       -3.9307397995230624        3.9963006441976097     
   1.2700000000000000        28.430454505019600       -3.9555367056122450        3.9642969215874477     
   1.2800000000000000        28.626826915113476       -3.9802483267531286        3.9313737563859767     
   1.2900000000000000        28.822832931855903       -4.0048749417198941        3.8975328274114065     
   1.3000000000000000        29.018473585491147       -4.0294168271541251        3.8627758084011128     
   1.3100000000000001        29.213749894427984       -4.0538742575858224        3.8271043681491816     
   1.3200000000000001        29.408662865331635       -4.0782475054543976        3.7905201706427141     
   1.3300000000000001        29.603213493216206       -4.1025368411296386        3.7530248751968793     
   1.3400000000000001        29.797402761537619       -4.1267425329326377        3.7146201365886986     
   1.3500000000000001        29.991231642287008       -4.1508648471566891        3.6753076051895435     
   1.3600000000000001        30.184701096084545       -4.1749040480881456        3.6350889270963349     
   1.3700000000000001        30.377812072273692       -4.1988603980272305        3.5939657442614279     
   1.3800000000000001        30.570565509015836       -4.2227341573088069        3.5519396946211663     
   1.3900000000000001        30.762962333385321       -4.2465255843230949        3.5090124122230972     
   1.4000000000000001        30.955003461464802       -4.2702349355363403        3.4651855273518297     
   1.4099999999999999        31.146689798440946       -4.2938624655114257        3.4204606666535247     
   1.4199999999999999        31.338022238700443       -4.3174084269284245        3.3748394532590074     
   1.4299999999999999        31.529001665926305       -4.3408730706050935        3.3283235069054879     
   1.4399999999999999        31.719628953194441       -4.3642566455173046        3.2809144440568798     
   1.4500000000000000        31.909904963070471       -4.3875593988194082        3.2326138780227049     
   1.4600000000000000        32.099830547706787       -4.4107815758645268        3.1834234190755777     
   1.4700000000000000        32.289406548939816       -4.4339234202247813        3.1333446745672546     
   1.4800000000000000        32.478633798387499       -4.4569851737114385        3.0823792490432438     
   1.4900000000000000        32.667513117546910       -4.4799670763949893        3.0305287443559643     
   1.5000000000000000        32.856045317892075       -4.5028693666251405        2.9777947597764469     
   1.5100000000000000        33.044231200971922       -4.5256922810507323        2.9241788921045662     
   1.5200000000000000        33.232071558508338       -4.5484360546395708        2.8696827357778032     
   1.5300000000000000        33.419567172494354       -4.5711009206981723        2.8143078829785240     
   1.5400000000000000        33.606718815292417       -4.5936871108914259        2.7580559237397710     
   1.5500000000000000        33.793527249732747       -4.6161948552621626        2.7009284460495646     
   1.5600000000000001        33.979993229211729       -4.6386243822506348        2.6429270359537003     
   1.5700000000000001        34.166117497790374       -4.6609759187139028        2.5840532776570462     
   1.5800000000000001        34.351900790292788       -4.6832496899451250        2.5243087536233291     
   1.5900000000000001        34.537343832404687       -4.7054459196927514        2.4636950446734081     
   1.6000000000000001        34.722447340771865       -4.7275648301796185        2.4022137300820283     
   1.6100000000000001        34.907212023098673       -4.7496066421219432        2.3398663876730574     
   1.6200000000000001        35.091638578246460       -4.7715715747482159        2.2766545939131930     
   1.6300000000000001        35.275727696331970       -4.7934598458179876        2.2125799240041464     
   1.6400000000000001        35.459480058825662       -4.8152716716405504        2.1476439519732948     
   1.6500000000000001        35.642896338649990       -4.8370072670935151        2.0818482507628020     
   1.6600000000000001        35.825977200277535       -4.8586668456412747        2.0151943923172055     
   1.6699999999999999        36.008723299829107       -4.8802506193533608        1.9476839476694696     
   1.6799999999999999        36.191135285171669       -4.9017587989226881        1.8793184870255015     
   1.6899999999999999        36.373213796016152       -4.9231915936836828        1.8100995798471322     
   1.7000000000000000        36.554959464015141       -4.9445492116303011        1.7400287949335602     
   1.7100000000000000        36.736372912860382       -4.9658318594339281        1.6691077005012604     
   1.7200000000000000        36.917454758380131       -4.9870397424611577        1.5973378642623555     
   1.7300000000000000        37.098205608636313       -5.0081730647914604        1.5247208535014536     
   1.7400000000000000        37.278626064021495       -5.0292320292347252        1.4512582351509533     
   1.7500000000000000        37.458716717355649       -5.0502168373486835        1.3769515758648152     
   1.7600000000000000        37.638478153982696       -5.0711276894562074        1.3018024420908048     
   1.7700000000000000        37.817910951866793       -5.0919647846624905        1.2258124001412072     
   1.7800000000000000        37.997015681688424       -5.1127283208720984        1.1489830162620176     
   1.7900000000000000        38.175792906940195       -5.1334184948058974        1.0713158567006096     
   1.8000000000000000        38.354243184022380       -5.1540355020178561       0.99281248777188513     
   1.8100000000000001        38.532367062338182       -5.1745795369117165       0.91347447592290920     
   1.8200000000000001        38.710165084388720       -5.1950507927575407       0.83330338779603430     
   1.8300000000000001        38.887637785867675       -5.2154494617081273       0.75230079029051766     
   1.8400000000000001        39.064785695755681       -5.2357757348152942       0.67046825062263726     
   1.8500000000000001        39.241609336414335       -5.2560298020460356       0.58780733638431015     
   1.8600000000000001        39.418109223679920       -5.2762118522985419       0.50431961560021910     
   1.8700000000000001        39.594285866956760       -5.2963220734180911       0.42000665678345339     
   1.8800000000000001        39.770139769310227       -5.3163606522128042       0.33487002898966867     
   1.8900000000000001        39.945671427559375       -5.3363277744692663       0.24891130186977267     
   1.9000000000000001        40.120881332369230       -5.3562236249680168       0.16213204572114306     
